# Matter power spectrum P(k) at redshift z=0.25
# for k=1.0653e-05 to 212.771 h/Mpc,
# number of wavenumbers equal to 135
#    1:k (h/Mpc)              2:P (Mpc/h)^3        
       1.065297608949e-05       4.090706994648e+01 
       1.341130231029e-05       4.418560416034e+01 
       1.688382928368e-05       5.472149654309e+01 
       2.125548173362e-05       6.963419172579e+01 
       2.675906609438e-05       8.594298220668e+01 
       3.368766830209e-05       1.090586008240e+02 
       4.241026168960e-05       1.357277296184e+02 
       5.339135616187e-05       1.696564827514e+02 
       6.721573504233e-05       2.120042896937e+02 
       8.461959691722e-05       2.645039374251e+02 
       1.065297608949e-04       3.298271812663e+02 
       1.341130231029e-04       4.113596153623e+02 
       1.688382928368e-04       5.129240345027e+02 
       2.125548173362e-04       6.395848017061e+02 
       2.675906609438e-04       7.973509205099e+02 
       3.368766830209e-04       9.936890573919e+02 
       4.241026168960e-04       1.237766987112e+03 
       5.339135616187e-04       1.540634526652e+03 
       6.721573504233e-04       1.915502395297e+03 
       8.461959691722e-04       2.377839842734e+03 
       1.065297608949e-03       2.945340760118e+03 
       1.341130231029e-03       3.637498265948e+03 
       1.688382928368e-03       4.474389885268e+03 
       2.125548173362e-03       5.474838327459e+03 
       2.675906609438e-03       6.653097149502e+03 
       3.368766830209e-03       8.014232764187e+03 
       4.241026168960e-03       9.548088093960e+03 
       5.339135616187e-03       1.122081406194e+04 
       6.721573504233e-03       1.296533497478e+04 
       8.461959691722e-03       1.466969258752e+04 
       1.065297608949e-02       1.616533733790e+04 
       1.341130231029e-02       1.722579915295e+04 
       1.688382928364e-02       1.758040402161e+04 
       2.125548150196e-02       1.697058128856e+04 
       2.675890332307e-02       1.529765038066e+04 
       3.366656121949e-02       1.283782128256e+04 
       4.174812847909e-02       1.044779696843e+04 
       4.845224332871e-02       9.111852717792e+03 
       5.333502158212e-02       8.449424316061e+03 
       5.737910415683e-02       8.032257062480e+03 
       6.099820005948e-02       7.715516884857e+03 
       6.437813162235e-02       7.438228617376e+03 
       6.761782965077e-02       7.169646271000e+03 
       7.077686273009e-02       6.893429634919e+03 
       7.389448284757e-02       6.601802833582e+03 
       7.699842267797e-02       6.292922593487e+03 
       8.010941563580e-02       5.969398357634e+03 
       8.324371480182e-02       5.637105285477e+03 
       8.641458889910e-02       5.304117841231e+03 
       8.963325723707e-02       4.979600576065e+03 
       9.290949883744e-02       4.672699054644e+03 
       9.625206312119e-02       4.391524301823e+03 
       9.966895476000e-02       4.142264174746e+03 
       1.031676359049e-01       3.928507821664e+03 
       1.067551724874e-01       3.750883908614e+03 
       1.104383416310e-01       3.606891335501e+03 
       1.142237113752e-01       3.490970935891e+03 
       1.181177002795e-01       3.394927127444e+03 
       1.221266221640e-01       3.308640110741e+03 
       1.262567197402e-01       3.221303606427e+03 
       1.305141898968e-01       3.123107599161e+03 
       1.349052027484e-01       3.007174243215e+03 
       1.394359161201e-01       2.871218073541e+03 
       1.441124868442e-01       2.718309781072e+03 
       1.489410800631e-01       2.556321876214e+03 
       1.539278775987e-01       2.396070400818e+03 
       1.590790863779e-01       2.248640500401e+03 
       1.644009478495e-01       2.122609018858e+03 
       1.698997492987e-01       2.021879044572e+03 
       1.755818379464e-01       1.944656093492e+03 
       1.814536387056e-01       1.883838417739e+03 
       1.875216764605e-01       1.829344394328e+03 
       1.937926037288e-01       1.770024173765e+03 
       2.002732345703e-01       1.697824496369e+03 
       2.069705856216e-01       1.612025821789e+03 
       2.138919251668e-01       1.518900001706e+03 
       2.210448312180e-01       1.428318602344e+03 
       2.284372596770e-01       1.349048233574e+03 
       2.360776238015e-01       1.285296856572e+03 
       2.439748864236e-01       1.235262941377e+03 
       2.521386666777e-01       1.191988205676e+03 
       2.605793634242e-01       1.147067636836e+03 
       2.693082981334e-01       1.095571372407e+03 
       2.783378807602e-01       1.038753387240e+03 
       2.876818031601e-01       9.827841762948e+02 
       2.973552659400e-01       9.339958294655e+02 
       3.073752464211e-01       8.939885727625e+02 
       3.177608177653e-01       8.593489736865e+02 
       3.285335325042e-01       8.244153086787e+02 
       3.397178880384e-01       7.868446285742e+02 
       3.513418976134e-01       7.487148650802e+02 
       3.634377985428e-01       7.138320255656e+02 
       3.760429411182e-01       6.836000913695e+02 
       3.892009183754e-01       6.557124661034e+02 
       4.029630213023e-01       6.275391206191e+02 
       4.173901403592e-01       5.992098816872e+02 
       4.325552892222e-01       5.726014178269e+02 
       4.485470120206e-01       5.482378043653e+02 
       4.654740710103e-01       5.248523377691e+02 
       4.834720332049e-01       5.015149127856e+02 
       5.027127475356e-01       4.790367801762e+02 
       5.234183539439e-01       4.577597893012e+02 
       5.458826421665e-01       4.367122655331e+02 
       5.705048023177e-01       4.159744415944e+02 
       5.978450290190e-01       3.956273923134e+02 
       6.287207309535e-01       3.751266361976e+02 
       6.643829030557e-01       3.543643277154e+02 
       7.068621400517e-01       3.327913925989e+02 
       7.597018663167e-01       3.097828677535e+02 
       8.296366180581e-01       2.841980654241e+02 
       9.305522312713e-01       2.541942913369e+02 
       1.090628146677e+00       2.173992195822e+02 
       1.344459231526e+00       1.748303882407e+02 
       1.690134455615e+00       1.342658973762e+02 
       2.127709730039e+00       9.952431539751e+01 
       2.678627697715e+00       7.127138575444e+01 
       3.372192477317e+00       4.948484424390e+01 
       4.245338803155e+00       3.345770023284e+01 
       5.344564900968e+00       2.211693708774e+01 
       6.728408568812e+00       1.434562490106e+01 
       8.470564528211e+00       9.151760749223e+00 
       1.066380893681e+01       5.752224444498e+00 
       1.342494005706e+01       3.567248365585e+00 
       1.690099818965e+01       2.185245383716e+00 
       2.127709610564e+01       1.323575404040e+00 
       2.678627697658e+01       7.933986330013e-01 
       3.372192477317e+01       4.710612446851e-01 
       4.245338803155e+01       2.772425976386e-01 
       5.344564900968e+01       1.618702452855e-01 
       6.728408568812e+01       9.381565165552e-02 
       8.470564528211e+01       5.400931117440e-02 
       1.066380893681e+02       3.090343995676e-02 
       1.342494005706e+02       1.758267342227e-02 
       1.690099818965e+02       9.950928411947e-03 
       2.127709610564e+02       5.604295445094e-03 
