# Matter power spectrum P(k) at redshift z=2.5
# for k=1.0653e-05 to 212.771 h/Mpc,
# number of wavenumbers equal to 135
#    1:k (h/Mpc)              2:P (Mpc/h)^3        
       1.065297608949e-05       9.053446394336e+00 
       1.341130231029e-05       7.913404267537e+00 
       1.688382928368e-05       9.434017892087e+00 
       2.125548173362e-05       1.220168904768e+01 
       2.675906609438e-05       1.475284762985e+01 
       3.368766830209e-05       1.905786896332e+01 
       4.241026168960e-05       2.355221955754e+01 
       5.339135616187e-05       2.942238033564e+01 
       6.721573504233e-05       3.684288940427e+01 
       8.461959691722e-05       4.594346421089e+01 
       1.065297608949e-04       5.724345272523e+01 
       1.341130231029e-04       7.137394607274e+01 
       1.688382928368e-04       8.896260489684e+01 
       2.125548173362e-04       1.109253575690e+02 
       2.675906609438e-04       1.382893557352e+02 
       3.368766830209e-04       1.723517071907e+02 
       4.241026168960e-04       2.147180686258e+02 
       5.339135616187e-04       2.673157189490e+02 
       6.721573504233e-04       3.324593525728e+02 
       8.461959691722e-04       4.128471468169e+02 
       1.065297608949e-03       5.115497397969e+02 
       1.341130231029e-03       6.319351607736e+02 
       1.688382928368e-03       7.774901415608e+02 
       2.125548173362e-03       9.515270469888e+02 
       2.675906609438e-03       1.156562290541e+03 
       3.368766830209e-03       1.393525142801e+03 
       4.241026168960e-03       1.660766697155e+03 
       5.339135616187e-03       1.952552941251e+03 
       6.721573504233e-03       2.257256145447e+03 
       8.461959691722e-03       2.555682072781e+03 
       1.065297608949e-02       2.819081891759e+03 
       1.341130231029e-02       3.008143527281e+03 
       1.688382928364e-02       3.075835715571e+03 
       2.125548150196e-02       2.976004793523e+03 
       2.675890332307e-02       2.689545274278e+03 
       3.366656121949e-02       2.262243489011e+03 
       4.174812847909e-02       1.843076750255e+03 
       4.845224332871e-02       1.606953579815e+03 
       5.333502158212e-02       1.489063948466e+03 
       5.737910415683e-02       1.414347447552e+03 
       6.099820005948e-02       1.357302778090e+03 
       6.437813162235e-02       1.307168883727e+03 
       6.761782965077e-02       1.258510386375e+03 
       7.077686273009e-02       1.208437571904e+03 
       7.389448284757e-02       1.155577160470e+03 
       7.699842267797e-02       1.099607989642e+03 
       8.010941563580e-02       1.041000443579e+03 
       8.324371480182e-02       9.808053212042e+02 
       8.641458889910e-02       9.204649185638e+02 
       8.963325723707e-02       8.616151404658e+02 
       9.290949883744e-02       8.058880900717e+02 
       9.625206312119e-02       7.547310934143e+02 
       9.966895476000e-02       7.092486192491e+02 
       1.031676359049e-01       6.700822491162e+02 
       1.067551724874e-01       6.373466359740e+02 
       1.104383416310e-01       6.105998182292e+02 
       1.142237113752e-01       5.888564766444e+02 
       1.181177002795e-01       5.706634369430e+02 
       1.221266221640e-01       5.542264766089e+02 
       1.262567197402e-01       5.376304787343e+02 
       1.305141898968e-01       5.191384607100e+02 
       1.349052027484e-01       4.975354650004e+02 
       1.394359161201e-01       4.724233280891e+02 
       1.441124868442e-01       4.443557911704e+02 
       1.489410800631e-01       4.147389631948e+02 
       1.539278775987e-01       3.854998694716e+02 
       1.590790863779e-01       3.586103774203e+02 
       1.644009478495e-01       3.355940666618e+02 
       1.698997492987e-01       3.171431082389e+02 
       1.755818379464e-01       3.029386349017e+02 
       1.814536387056e-01       2.917214047571e+02 
       1.875216764605e-01       2.817040502998e+02 
       1.937926037288e-01       2.709105881094e+02 
       2.002732345703e-01       2.579136895750e+02 
       2.069705856216e-01       2.425841618721e+02 
       2.138919251668e-01       2.260300673234e+02 
       2.210448312180e-01       2.099952363738e+02 
       2.284372596770e-01       1.960256911470e+02 
       2.360776238015e-01       1.848588037960e+02 
       2.439748864236e-01       1.761681518620e+02 
       2.521386666777e-01       1.687156522421e+02 
       2.605793634242e-01       1.610077485527e+02 
       2.693082981334e-01       1.521658936106e+02 
       2.783378807602e-01       1.424064819534e+02 
       2.876818031601e-01       1.328152270755e+02 
       2.973552659400e-01       1.245068872182e+02 
       3.073752464211e-01       1.177622110501e+02 
       3.177608177653e-01       1.119447748018e+02 
       3.285335325042e-01       1.061183904713e+02 
       3.397178880384e-01       9.982262795697e+01 
       3.513418976134e-01       9.342385150863e+01 
       3.634377985428e-01       8.759644739608e+01 
       3.760429411182e-01       8.258968901420e+01 
       3.892009183754e-01       7.799588307429e+01 
       4.029630213023e-01       7.334985138882e+01 
       4.173901403592e-01       6.867538465263e+01 
       4.325552892222e-01       6.430641304275e+01 
       4.485470120206e-01       6.033779031341e+01 
       4.654740710103e-01       5.654716961744e+01 
       4.834720332049e-01       5.277258183430e+01 
       5.027127475356e-01       4.916164816909e+01 
       5.234183539439e-01       4.577970959049e+01 
       5.458826421665e-01       4.246059901679e+01 
       5.705048023177e-01       3.922706744053e+01 
       5.978450290190e-01       3.610514640940e+01 
       6.287207309535e-01       3.301364049333e+01 
       6.643829030557e-01       2.995760571209e+01 
       7.068621400517e-01       2.687985405067e+01 
       7.597018663167e-01       2.373526157088e+01 
       8.296366180581e-01       2.043843286952e+01 
       9.305522312713e-01       1.690165546625e+01 
       1.090628146677e+00       1.313575375862e+01 
       1.344459231526e+00       9.613216152361e+00 
       1.690134455615e+00       7.005993730380e+00 
       2.127709730039e+00       5.199766493268e+00 
       2.678627697715e+00       3.896209484410e+00 
       3.372192477317e+00       2.911258360063e+00 
       4.245338803155e+00       2.145285907182e+00 
       5.344564900968e+00       1.546882561122e+00 
       6.728408568812e+00       1.086922359489e+00 
       8.470564528211e+00       7.432965722886e-01 
       1.066380893681e+01       4.950390358712e-01 
       1.342494005706e+01       3.216357551671e-01 
       1.690099818965e+01       2.043349932731e-01 
       2.127709610564e+01       1.272860616337e-01 
       2.678627697658e+01       7.798649273232e-02 
       3.372192477317e+01       4.712200027492e-02 
       4.245338803155e+01       2.813337122578e-02 
       5.344564900968e+01       1.662582546767e-02 
       6.728408568812e+01       9.740084560777e-03 
       8.470564528211e+01       5.661613658692e-03 
       1.066380893681e+02       3.267957843658e-03 
       1.342494005706e+02       1.873947676165e-03 
       1.690099818965e+02       1.068052935947e-03 
       2.127709610564e+02       6.052330133283e-04 
