# Matter power spectrum P(k) at redshift z=0.1
# for k=1.0653e-05 to 212.771 h/Mpc,
# number of wavenumbers equal to 135
#    1:k (h/Mpc)              2:P (Mpc/h)^3        
       1.065297608949e-05       4.712414745945e+01 
       1.341130231029e-05       5.163202565974e+01 
       1.688382928368e-05       6.410681220298e+01 
       2.125548173362e-05       8.154495764854e+01 
       2.675906609438e-05       1.008217422325e+02 
       3.368766830209e-05       1.278181198059e+02 
       4.241026168960e-05       1.591470680793e+02 
       5.339135616187e-05       1.989277324906e+02 
       6.721573504233e-05       2.485705932077e+02 
       8.461959691722e-05       3.101370692483e+02 
       1.065297608949e-04       3.867514782232e+02 
       1.341130231029e-04       4.823671310574e+02 
       1.688382928368e-04       6.014813261328e+02 
       2.125548173362e-04       7.500207054231e+02 
       2.675906609438e-04       9.350418068227e+02 
       3.368766830209e-04       1.165308854486e+03 
       4.241026168960e-04       1.451583003577e+03 
       5.339135616187e-04       1.806849517820e+03 
       6.721573504233e-04       2.246647401610e+03 
       8.461959691722e-04       2.789200313200e+03 
       1.065297608949e-03       3.455374583156e+03 
       1.341130231029e-03       4.268163721255e+03 
       1.688382928368e-03       5.251277869956e+03 
       2.125548173362e-03       6.427049503525e+03 
       2.675906609438e-03       7.812509814200e+03 
       3.368766830209e-03       9.413866969842e+03 
       4.241026168960e-03       1.121959084142e+04 
       5.339135616187e-03       1.319032730122e+04 
       6.721573504233e-03       1.524676013698e+04 
       8.461959691722e-03       1.725710347175e+04 
       1.065297608949e-02       1.902367283247e+04 
       1.341130231029e-02       2.027812270721e+04 
       1.688382928364e-02       2.070051938626e+04 
       2.125548150196e-02       1.998623510629e+04 
       2.675890332307e-02       1.801784151964e+04 
       3.366656121949e-02       1.512255914763e+04 
       4.174812847909e-02       1.231086155395e+04 
       4.845224332871e-02       1.074078318458e+04 
       5.333502158212e-02       9.963220826425e+03 
       5.737910415683e-02       9.474118232965e+03 
       6.099820005948e-02       9.103076557638e+03 
       6.437813162235e-02       8.778371537418e+03 
       6.761782965077e-02       8.463836155707e+03 
       7.077686273009e-02       8.140264943943e+03 
       7.389448284757e-02       7.798506046242e+03 
       7.699842267797e-02       7.436398459801e+03 
       8.010941563580e-02       7.057022957566e+03 
       8.324371480182e-02       6.667293888187e+03 
       8.641458889910e-02       6.276714508371e+03 
       8.963325723707e-02       5.896069348901e+03 
       9.290949883744e-02       5.536119954945e+03 
       9.625206312119e-02       5.206403687389e+03 
       9.966895476000e-02       4.914193396948e+03 
       1.031676359049e-01       4.663701488197e+03 
       1.067551724874e-01       4.455654713564e+03 
       1.104383416310e-01       4.287097509722e+03 
       1.142237113752e-01       4.151476026121e+03 
       1.181177002795e-01       4.039137641083e+03 
       1.221266221640e-01       3.938168822535e+03 
       1.262567197402e-01       3.835852841156e+03 
       1.305141898968e-01       3.720649256780e+03 
       1.349052027484e-01       3.584471464180e+03 
       1.394359161201e-01       3.424637757808e+03 
       1.441124868442e-01       3.244768334530e+03 
       1.489410800631e-01       3.054129894073e+03 
       1.539278775987e-01       2.865447173653e+03 
       1.590790863779e-01       2.691755883846e+03 
       1.644009478495e-01       2.543137868160e+03 
       1.698997492987e-01       2.424179067450e+03 
       1.755818379464e-01       2.332772571618e+03 
       1.814536387056e-01       2.260582881037e+03 
       1.875216764605e-01       2.195782844814e+03 
       1.937926037288e-01       2.125299030107e+03 
       2.002732345703e-01       2.039700682253e+03 
       2.069705856216e-01       1.938170134073e+03 
       2.138919251668e-01       1.828093035597e+03 
       2.210448312180e-01       1.721068955605e+03 
       2.284372596770e-01       1.627387035043e+03 
       2.360776238015e-01       1.551978643826e+03 
       2.439748864236e-01       1.492725224277e+03 
       2.521386666777e-01       1.441466127438e+03 
       2.605793634242e-01       1.388350181845e+03 
       2.693082981334e-01       1.327472549305e+03 
       2.783378807602e-01       1.260783993183e+03 
       2.876818031601e-01       1.194895377060e+03 
       2.973552659400e-01       1.137638961888e+03 
       3.073752464211e-01       1.090483236274e+03 
       3.177608177653e-01       1.049458864315e+03 
       3.285335325042e-01       1.008421753888e+03 
       3.397178880384e-01       9.643082683063e+02 
       3.513418976134e-01       9.195320846921e+02 
       3.634377985428e-01       8.785481027816e+02 
       3.760429411182e-01       8.429946248413e+02 
       3.892009183754e-01       8.101716687115e+02 
       4.029630213023e-01       7.770075655301e+02 
       4.173901403592e-01       7.436540678604e+02 
       4.325552892222e-01       7.122967458439e+02 
       4.485470120206e-01       6.835408548752e+02 
       4.654740710103e-01       6.559062417138e+02 
       4.834720332049e-01       6.283063559982e+02 
       5.027127475356e-01       6.016796891017e+02 
       5.234183539439e-01       5.764155629599e+02 
       5.458826421665e-01       5.513757195610e+02 
       5.705048023177e-01       5.266414433193e+02 
       5.978450290190e-01       5.022896312647e+02 
       6.287207309535e-01       4.776651445204e+02 
       6.643829030557e-01       4.526067256141e+02 
       7.068621400517e-01       4.264211495406e+02 
       7.597018663167e-01       3.982868433180e+02 
       8.296366180581e-01       3.667042459380e+02 
       9.305522312713e-01       3.291957339121e+02 
       1.090628146677e+00       2.824299898824e+02 
       1.344459231526e+00       2.273523725031e+02 
       1.690134455615e+00       1.742716785347e+02 
       2.127709730039e+00       1.287648952933e+02 
       2.678627697715e+00       9.193936610407e+01 
       3.372192477317e+00       6.369666327498e+01 
       4.245338803155e+00       4.301220463021e+01 
       5.344564900968e+00       2.843034052807e+01 
       6.728408568812e+00       1.845342822692e+01 
       8.470564528211e+00       1.178463329515e+01 
       1.066380893681e+01       7.417283899960e+00 
       1.342494005706e+01       4.606620534549e+00 
       1.690099818965e+01       2.826020305976e+00 
       2.127709610564e+01       1.714103322810e+00 
       2.678627697658e+01       1.028854080655e+00 
       3.372192477317e+01       6.116007474744e-01 
       4.245338803155e+01       3.603662846808e-01 
       5.344564900968e+01       2.106190543960e-01 
       6.728408568812e+01       1.221836055272e-01 
       8.470564528211e+01       7.039854970683e-02 
       1.066380893681e+02       4.030728190637e-02 
       1.342494005706e+02       2.294476747874e-02 
       1.690099818965e+02       1.299351557424e-02 
       2.127709610564e+02       7.325329822694e-03 
