# Matter power spectrum P(k) at redshift z=0.75
# for k=1.05577e-05 to 210.871 h/Mpc,
# number of wavenumbers equal to 135
#    1:k (h/Mpc)              2:P (Mpc/h)^3        
       1.055772783313e-05       2.141249655607e+01 
       1.329139185993e-05       2.849595751447e+01 
       1.673287097058e-05       3.506612589929e+01 
       2.106543647714e-05       4.352226779707e+01 
       2.651981329161e-05       5.366319312210e+01 
       3.338646686884e-05       6.752543671179e+01 
       4.203107155121e-05       8.473757413697e+01 
       5.291398406075e-05       1.060413404783e+02 
       6.661475917335e-05       1.323401938131e+02 
       8.386301312388e-05       1.650664528827e+02 
       1.055772783313e-04       2.059018490862e+02 
       1.329139185993e-04       2.567835922015e+02 
       1.673287097058e-04       3.201686399250e+02 
       2.106543647714e-04       3.992414335733e+02 
       2.651981329161e-04       4.977057568028e+02 
       3.338646686884e-04       6.203115390259e+02 
       4.203107155121e-04       7.727313099322e+02 
       5.291398406075e-04       9.619049950739e+02 
       6.661475917335e-04       1.196098671540e+03 
       8.386301312388e-04       1.485009330152e+03 
       1.055772783313e-03       1.839718772486e+03 
       1.329139185993e-03       2.272467245819e+03 
       1.673287097058e-03       2.795943958814e+03 
       2.106543647714e-03       3.422120407381e+03 
       2.651981329161e-03       4.160222384687e+03 
       3.338646686884e-03       5.013886744814e+03 
       4.203107155121e-03       5.977487588961e+03 
       5.291398406075e-03       7.030741312759e+03 
       6.661475917335e-03       8.132973799407e+03 
       8.386301312388e-03       9.216242034540e+03 
       1.055772783313e-02       1.017707117189e+04 
       1.329139185993e-02       1.087548481550e+04 
       1.673287097055e-02       1.114182604906e+04 
       2.106543630464e-02       1.080851895607e+04 
       2.651968288901e-02       9.799708210735e+03 
       3.336851896947e-02       8.267971091933e+03 
       4.143681699672e-02       6.735479948442e+03 
       4.823404509118e-02       5.854321644862e+03 
       5.316451176930e-02       5.417512382322e+03 
       5.723119236715e-02       5.142810976654e+03 
       6.086253476325e-02       4.934212538608e+03 
       6.424957644542e-02       4.751567935861e+03 
       6.749344715603e-02       4.574698277973e+03 
       7.065479183495e-02       4.392848225731e+03 
       7.377344927649e-02       4.200878388026e+03 
       7.687749830552e-02       3.997503356500e+03 
       7.998788894043e-02       3.784351504126e+03 
       8.312101603522e-02       3.565189095772e+03 
       8.629024436624e-02       3.345227600792e+03 
       8.950686006107e-02       3.130411099425e+03 
       9.278068955300e-02       2.926699869891e+03 
       9.612051638708e-02       2.739394936647e+03 
       9.953437002553e-02       2.572569925628e+03 
       1.030297307152e-01       2.428641373967e+03 
       1.066136776005e-01       2.308088710559e+03 
       1.102929974112e-01       2.209382712272e+03 
       1.140742651042e-01       2.129017242223e+03 
       1.179639041415e-01       2.061762608265e+03 
       1.219682317317e-01       2.001138616693e+03 
       1.260934928360e-01       1.940186126697e+03 
       1.303458857367e-01       1.872553670010e+03 
       1.347315812958e-01       1.793734708753e+03 
       1.392567375885e-01       1.702169570088e+03 
       1.439275113025e-01       1.599746469180e+03 
       1.487500670968e-01       1.491477603682e+03 
       1.537305859894e-01       1.384318301518e+03 
       1.588752737623e-01       1.285450044432e+03 
       1.641903703228e-01       1.200480207149e+03 
       1.696821609277e-01       1.132038745914e+03 
       1.753569901571e-01       1.079097549128e+03 
       1.812212795127e-01       1.037201937023e+03 
       1.872815495043e-01       9.999107044868e+02 
       1.935444470862e-01       9.600983914764e+02 
       2.000167793067e-01       9.124524897141e+02 
       2.067055540477e-01       8.563388097671e+02 
       2.136180287652e-01       7.956361537975e+02 
       2.207617681994e-01       7.366159141849e+02 
       2.281447121219e-01       6.849241540051e+02 
       2.357752543364e-01       6.433382071229e+02 
       2.436623343696e-01       6.108145681667e+02 
       2.518155435963e-01       5.829870924766e+02 
       2.602452479655e-01       5.544676094656e+02 
       2.689627300654e-01       5.219848789365e+02 
       2.779803540253e-01       4.861785161454e+02 
       2.873117577581e-01       4.508739284730e+02 
       2.969720783784e-01       4.201182245984e+02 
       3.069782183933e-01       3.950413350150e+02 
       3.173491626118e-01       3.734578009323e+02 
       3.281063588685e-01       3.520228777632e+02 
       3.392741799351e-01       3.290041146391e+02 
       3.508804898550e-01       3.056159963073e+02 
       3.629573460968e-01       2.842592315629e+02 
       3.755418804277e-01       2.658966327760e+02 
       3.886774179035e-01       2.491488782690e+02 
       4.024149174211e-01       2.323366163500e+02 
       4.168148529936e-01       2.154790801591e+02 
       4.319497090464e-01       1.997406520608e+02 
       4.479073469010e-01       1.854995341153e+02 
       4.647956327992e-01       1.720030463028e+02 
       4.827489350835e-01       1.586496991102e+02 
       5.019374634823e-01       1.459241827774e+02 
       5.225810589461e-01       1.340908743532e+02 
       5.449701910559e-01       1.225769930432e+02 
       5.694990879330e-01       1.114314967769e+02 
       5.967202222480e-01       1.007638823376e+02 
       6.274383917711e-01       9.029924091095e+01 
       6.628827694619e-01       8.005715923952e+01 
       7.050434828574e-01       6.985562631858e+01 
       7.573826324241e-01       5.956585413309e+01 
       8.264573875107e-01       4.896426173486e+01 
       9.257548230965e-01       3.784728866584e+01 
       1.082796239762e+00       2.639551373263e+01 
       1.332734404789e+00       1.624164581083e+01 
       1.675045845447e+00       9.426844404105e+00 
       2.108705412281e+00       5.401129873290e+00 
       2.654702635419e+00       3.069052790535e+00 
       3.342072608385e+00       1.730998154835e+00 
       4.207420134757e+00       9.697468813359e-01 
       5.296828125740e+00       5.399340019235e-01 
       6.668311529400e+00       2.989738406554e-01 
       8.394906838122e+00       1.646870432489e-01 
       1.056856154816e+01       9.029796255935e-02 
       1.330503069908e+01       4.929728112669e-02 
       1.675004125178e+01       2.680991226083e-02 
       2.108705258046e+01       1.452508238775e-02 
       2.654702635339e+01       7.843223611477e-03 
       3.342072608385e+01       4.220848975748e-03 
       4.207420134757e+01       2.264116016162e-03 
       5.296828125740e+01       1.210459995943e-03 
       6.668311529400e+01       6.447294739858e-04 
       8.394906838122e+01       3.419679999762e-04 
       1.056856154816e+02       1.804053652561e-04 
       1.330503069908e+02       9.446974493618e-05 
       1.675004125178e+02       4.899386033942e-05 
       2.108705258046e+02       2.505102024020e-05 
