# Matter power spectrum P(k) at redshift z=20
# for k=1.05577e-05 to 210.871 h/Mpc,
# number of wavenumbers equal to 135
#    1:k (h/Mpc)              2:P (Mpc/h)^3        
       1.055772783313e-05       5.102119792037e-02 
       1.329139185993e-05       1.278893801129e-01 
       1.673287097058e-05       1.844010465076e-01 
       2.106543647714e-05       2.700539188672e-01 
       2.651981329161e-05       4.014044642992e-01 
       3.338646686884e-05       4.872051976800e-01 
       4.203107155121e-05       6.295607261258e-01 
       5.291398406075e-05       8.122026918646e-01 
       6.661475917335e-05       1.024759821450e+00 
       8.386301312388e-05       1.276566734752e+00 
       1.055772783313e-04       1.591619590440e+00 
       1.329139185993e-04       1.986403431539e+00 
       1.673287097058e-04       2.474109553977e+00 
       2.106543647714e-04       3.085760185743e+00 
       2.651981329161e-04       3.847937610010e+00 
       3.338646686884e-04       4.797782278304e+00 
       4.203107155121e-04       5.980673185461e+00 
       5.291398406075e-04       7.452350671201e+00 
       6.661475917335e-04       9.280657710407e+00 
       8.386301312388e-04       1.154637625463e+01 
       1.055772783313e-03       1.434388507900e+01 
       1.329139185993e-03       1.777874386932e+01 
       1.673287097058e-03       2.196063612773e+01 
       2.106543647714e-03       2.699196168677e+01 
       2.651981329161e-03       3.294619841502e+01 
       3.338646686884e-03       3.984497176949e+01 
       4.203107155121e-03       4.763481965754e+01 
       5.291398406075e-03       5.615722891685e+01 
       6.661475917335e-03       6.509125765738e+01 
       8.386301312388e-03       7.388953112984e+01 
       1.055772783313e-02       8.172839095313e+01 
       1.329139185993e-02       8.747408780844e+01 
       1.673287097055e-02       8.973984796216e+01 
       2.106543630464e-02       8.716084392953e+01 
       2.651968288901e-02       7.910421467852e+01 
       3.336851896947e-02       6.679361187325e+01 
       4.143681699672e-02       5.444573835700e+01 
       4.823404509118e-02       4.733868222166e+01 
       5.316451176930e-02       4.381437595024e+01 
       5.723119236715e-02       4.159763814249e+01 
       6.086253476325e-02       3.991396744299e+01 
       6.424957644542e-02       3.843931161031e+01 
       6.749344715603e-02       3.701072353307e+01 
       7.065479183495e-02       3.554132478043e+01 
       7.377344927649e-02       3.398960741713e+01 
       7.687749830552e-02       3.234523332860e+01 
       7.998788894043e-02       3.062144845422e+01 
       8.312101603522e-02       2.884880562546e+01 
       8.629024436624e-02       2.706955119725e+01 
       8.950686006107e-02       2.533184582426e+01 
       9.278068955300e-02       2.368395893704e+01 
       9.612051638708e-02       2.216880805694e+01 
       9.953437002553e-02       2.081936968549e+01 
       1.030297307152e-01       1.965520650195e+01 
       1.066136776005e-01       1.868019923202e+01 
       1.102929974112e-01       1.788196043419e+01 
       1.140742651042e-01       1.723209023113e+01 
       1.179639041415e-01       1.668823485378e+01 
       1.219682317317e-01       1.619793137419e+01 
       1.260934928360e-01       1.570486174912e+01 
       1.303458857367e-01       1.515764096541e+01 
       1.347315812958e-01       1.451981317766e+01 
       1.392567375885e-01       1.377875978519e+01 
       1.439275113025e-01       1.294976426960e+01 
       1.487500670968e-01       1.207340670174e+01 
       1.537305859894e-01       1.120600758751e+01 
       1.588752737623e-01       1.040571519133e+01 
       1.641903703228e-01       9.717926658017e+00 
       1.696821609277e-01       9.163938601420e+00 
       1.753569901571e-01       8.735443389169e+00 
       1.812212795127e-01       8.396391758329e+00 
       1.872815495043e-01       8.094538903176e+00 
       1.935444470862e-01       7.772242668675e+00 
       2.000167793067e-01       7.386647441845e+00 
       2.067055540477e-01       6.932546565989e+00 
       2.136180287652e-01       6.441213456498e+00 
       2.207617681994e-01       5.963389049849e+00 
       2.281447121219e-01       5.544882443784e+00 
       2.357752543364e-01       5.208250114816e+00 
       2.436623343696e-01       4.945003923387e+00 
       2.518155435963e-01       4.719748757558e+00 
       2.602452479655e-01       4.488865331995e+00 
       2.689627300654e-01       4.225887017150e+00 
       2.779803540253e-01       3.936025937530e+00 
       2.873117577581e-01       3.650246427403e+00 
       2.969720783784e-01       3.401256104642e+00 
       3.069782183933e-01       3.198222761249e+00 
       3.173491626118e-01       3.023491213063e+00 
       3.281063588685e-01       2.849970509597e+00 
       3.392741799351e-01       2.663632117132e+00 
       3.508804898550e-01       2.474285043905e+00 
       3.629573460968e-01       2.301374423274e+00 
       3.755418804277e-01       2.152701291968e+00 
       3.886774179035e-01       2.017127138187e+00 
       4.024149174211e-01       1.881032334787e+00 
       4.168148529936e-01       1.744542008033e+00 
       4.319497090464e-01       1.617113313447e+00 
       4.479073469010e-01       1.501834976731e+00 
       4.647956327992e-01       1.392563692412e+00 
       4.827489350835e-01       1.284448039552e+00 
       5.019374634823e-01       1.181429547714e+00 
       5.225810589461e-01       1.085622617981e+00 
       5.449701910559e-01       9.924073840864e-01 
       5.694990879330e-01       9.021711379779e-01 
       5.967202222480e-01       8.158057201352e-01 
       6.274383917711e-01       7.310825418597e-01 
       6.628827694619e-01       6.481606203958e-01 
       7.050434828574e-01       5.655677423526e-01 
       7.573826324241e-01       4.822598551539e-01 
       8.264573875107e-01       3.964271615125e-01 
       9.257548230965e-01       3.064216792234e-01 
       1.082796239762e+00       2.137054077951e-01 
       1.332734404789e+00       1.314971233540e-01 
       1.675045845447e+00       7.632266064560e-02 
       2.108705412281e+00       4.372933121360e-02 
       2.654702635419e+00       2.484815624437e-02 
       3.342072608385e+00       1.401486197505e-02 
       4.207420134757e+00       7.851535259197e-03 
       5.296828125740e+00       4.371629701609e-03 
       6.668311529400e+00       2.420729154381e-03 
       8.394906838122e+00       1.333488996722e-03 
       1.056856154816e+01       7.311981262012e-04 
       1.330503069908e+01       3.992303501633e-04 
       1.675004125178e+01       2.171526560559e-04 
       2.108705258046e+01       1.176790068641e-04 
       2.654702635339e+01       6.356978668414e-05 
       3.342072608385e+01       3.423225581442e-05 
       4.207420134757e+01       1.838136785394e-05 
       5.296828125740e+01       9.843097958588e-06 
       6.668311529400e+01       5.256159914558e-06 
       8.394906838122e+01       2.799134520099e-06 
       1.056856154816e+02       1.486025438112e-06 
       1.330503069908e+02       7.858333707815e-07 
       1.675004125178e+02       4.137437872475e-07 
       2.108705258046e+02       2.164267242213e-07 
