# Matter power spectrum P(k) at redshift z=1
# for k=1.05577e-05 to 210.871 h/Mpc,
# number of wavenumbers equal to 135
#    1:k (h/Mpc)              2:P (Mpc/h)^3        
       1.055772783313e-05       1.663423552066e+01 
       1.329139185993e-05       2.246258613350e+01 
       1.673287097058e-05       2.769803627896e+01 
       2.106543647714e-05       3.443871305106e+01 
       2.651981329161e-05       4.246314181610e+01 
       3.338646686884e-05       5.354407097336e+01 
       4.203107155121e-05       6.728228355868e+01 
       5.291398406075e-05       8.426323068010e+01 
       6.661475917335e-05       1.051905644918e+02 
       8.386301312388e-05       1.312230390734e+02 
       1.055772783313e-04       1.637043411161e+02 
       1.329139185993e-04       2.041705839378e+02 
       1.673287097058e-04       2.545747874969e+02 
       2.106543647714e-04       3.174627397517e+02 
       2.651981329161e-04       3.957736910281e+02 
       3.338646686884e-04       4.932996510548e+02 
       4.203107155121e-04       6.145590257870e+02 
       5.291398406075e-04       7.650938966882e+02 
       6.661475917335e-04       9.515112949558e+02 
       8.386301312388e-04       1.181571640465e+03 
       1.055772783313e-03       1.464146004048e+03 
       1.329139185993e-03       1.809035301523e+03 
       1.673287097058e-03       2.226418655155e+03 
       2.106543647714e-03       2.725945092010e+03 
       2.651981329161e-03       3.315104931994e+03 
       3.338646686884e-03       3.996900794436e+03 
       4.203107155121e-03       4.766937850524e+03 
       5.291398406075e-03       5.609269888531e+03 
       6.661475917335e-03       6.491172835468e+03 
       8.386301312388e-03       7.357752400415e+03 
       1.055772783313e-02       8.126475612933e+03 
       1.329139185993e-02       8.684126357811e+03 
       1.673287097055e-02       8.893976665119e+03 
       2.106543630464e-02       8.622662203025e+03 
       2.651968288901e-02       7.810178751650e+03 
       3.336851896947e-02       6.582052138011e+03 
       4.143681699672e-02       5.358021797300e+03 
       4.823404509118e-02       4.656725309179e+03 
       5.316451176930e-02       4.310253968849e+03 
       5.723119236715e-02       4.093095967130e+03 
       6.086253476325e-02       3.928718235452e+03 
       6.424957644542e-02       3.785153999885e+03 
       6.749344715603e-02       3.646347614817e+03 
       7.065479183495e-02       3.503740862696e+03 
       7.377344927649e-02       3.353236662621e+03 
       7.687749830552e-02       3.193795382139e+03 
       7.998788894043e-02       3.026686999223e+03 
       8.312101603522e-02       2.854876262872e+03 
       8.629024436624e-02       2.682474793750e+03 
       8.950686006107e-02       2.514177865601e+03 
       9.278068955300e-02       2.354698131100e+03 
       9.612051638708e-02       2.208231588721e+03 
       9.953437002553e-02       2.078007666518e+03 
       1.030297307152e-01       1.965947729965e+03 
       1.066136776005e-01       1.872440917350e+03 
       1.102929974112e-01       1.796284322790e+03 
       1.140742651042e-01       1.734704741573e+03 
       1.179639041415e-01       1.683556526135e+03 
       1.219682317317e-01       1.637694631090e+03 
       1.260934928360e-01       1.591585720622e+03 
       1.303458857367e-01       1.540170655218e+03 
       1.347315812958e-01       1.479848149421e+03 
       1.392567375885e-01       1.409353128808e+03 
       1.439275113025e-01       1.330160138085e+03 
       1.487500670968e-01       1.246233481897e+03 
       1.537305859894e-01       1.163096346157e+03 
       1.588752737623e-01       1.086470180301e+03 
       1.641903703228e-01       1.020840401901e+03 
       1.696821609277e-01       9.683287586869e+02 
       1.753569901571e-01       9.281349118804e+02 
       1.812212795127e-01       8.967066840580e+02 
       1.872815495043e-01       8.688838671295e+02 
       1.935444470862e-01       8.389388673993e+02 
       2.000167793067e-01       8.025810062083e+02 
       2.067055540477e-01       7.592658656235e+02 
       2.136180287652e-01       7.120809347660e+02 
       2.207617681994e-01       6.660613788539e+02 
       2.281447121219e-01       6.257697806248e+02 
       2.357752543364e-01       5.934762615136e+02 
       2.436623343696e-01       5.683639882243e+02 
       2.518155435963e-01       5.469089633529e+02 
       2.602452479655e-01       5.247359885754e+02 
       2.689627300654e-01       4.991722105992e+02 
       2.779803540253e-01       4.707217514771e+02 
       2.873117577581e-01       4.424999689659e+02 
       2.969720783784e-01       4.178317367422e+02 
       3.069782183933e-01       3.976723885152e+02 
       3.173491626118e-01       3.802515191059e+02 
       3.281063588685e-01       3.628274850254e+02 
       3.392741799351e-01       3.439732082649e+02 
       3.508804898550e-01       3.246928982789e+02 
       3.629573460968e-01       3.069807759084e+02 
       3.755418804277e-01       2.916606456344e+02 
       3.886774179035e-01       2.775961759485e+02 
       4.024149174211e-01       2.634029252535e+02 
       4.168148529936e-01       2.491102471260e+02 
       4.319497090464e-01       2.356523605964e+02 
       4.479073469010e-01       2.234326510851e+02 
       4.647956327992e-01       2.117153848057e+02 
       4.827489350835e-01       2.000567981453e+02 
       5.019374634823e-01       1.888606293773e+02 
       5.225810589461e-01       1.783614226356e+02 
       5.449701910559e-01       1.680555992049e+02 
       5.694990879330e-01       1.579729286368e+02 
       5.967202222480e-01       1.481979620118e+02 
       6.274383917711e-01       1.384720705326e+02 
       6.628827694619e-01       1.287816598319e+02 
       7.050434828574e-01       1.189162150629e+02 
       7.573826324241e-01       1.086749836388e+02 
       8.264573875107e-01       9.769579240363e+01 
       9.257548230965e-01       8.547030279981e+01 
       1.082796239762e+00       7.154426466461e+01 
       1.332734404789e+00       5.683335845530e+01 
       1.675045845447e+00       4.391171137072e+01 
       2.108705412281e+00       3.326407358954e+01 
       2.654702635419e+00       2.451073184808e+01 
       3.342072608385e+00       1.749118777088e+01 
       4.207420134757e+00       1.209035529633e+01 
       5.296828125740e+00       8.119884338462e+00 
       6.668311529400e+00       5.320604941735e+00 
       8.394906838122e+00       3.414165276310e+00 
       1.056856154816e+01       2.151577354416e+00 
       1.330503069908e+01       1.335008028304e+00 
       1.675004125178e+01       8.172844728032e-01 
       2.108705258046e+01       4.943505879277e-01 
       2.654702635339e+01       2.958234423533e-01 
       3.342072608385e+01       1.753044160005e-01 
       4.207420134757e+01       1.029718846421e-01 
       5.296828125740e+01       5.999519985956e-02 
       6.668311529400e+01       3.469611553047e-02 
       8.394906838122e+01       1.992931647042e-02 
       1.056856154816e+02       1.137607554301e-02 
       1.330503069908e+02       6.456698079278e-03 
       1.675004125178e+02       3.645549792086e-03 
       2.108705258046e+02       2.048430239807e-03 
