# Matter power spectrum P(k) at redshift z=50
# for k=1.05577e-05 to 210.871 h/Mpc,
# number of wavenumbers equal to 135
#    1:k (h/Mpc)              2:P (Mpc/h)^3        
       1.055772783313e-05       6.884011799800e+01 
       1.329139185993e-05       3.525431449727e+01 
       1.673287097058e-05       1.808196008432e+01 
       2.106543647714e-05       9.513641612887e+00 
       2.651981329161e-05       5.283913677235e+00 
       3.338646686884e-05       2.933665841255e+00 
       4.203107155121e-05       1.773510184080e+00 
       5.291398406075e-05       1.172068313447e+00 
       6.661475917335e-05       8.448689457688e-01 
       8.386301312388e-05       6.682675849794e-01 
       1.055772783313e-04       5.865829077006e-01 
       1.329139185993e-04       5.659472807895e-01 
       1.673287097058e-04       5.870145096373e-01 
       2.106543647714e-04       6.468751018711e-01 
       2.651981329161e-04       7.429094967145e-01 
       3.338646686884e-04       8.778839364655e-01 
       4.203107155121e-04       1.057165800833e+00 
       5.291398406075e-04       1.288654828661e+00 
       6.661475917335e-04       1.582816773890e+00 
       8.386301312388e-04       1.952600240507e+00 
       1.055772783313e-03       2.413672189313e+00 
       1.329139185993e-03       2.984054341667e+00 
       1.673287097058e-03       3.683067412616e+00 
       2.106543647714e-03       4.529606906405e+00 
       2.651981329161e-03       5.537697458686e+00 
       3.338646686884e-03       6.711635887898e+00 
       4.203107155121e-03       8.040268295844e+00 
       5.291398406075e-03       9.493674765124e+00 
       6.661475917335e-03       1.101867359724e+01 
       8.386301312388e-03       1.252293621658e+01 
       1.055772783313e-02       1.386085608686e+01 
       1.329139185993e-02       1.484257430841e+01 
       1.673287097055e-02       1.523161869915e+01 
       2.106543630464e-02       1.479729376156e+01 
       2.651968288901e-02       1.343098650747e+01 
       3.336851896947e-02       1.134221228280e+01 
       4.143681699672e-02       9.246074771836e+00 
       4.823404509118e-02       8.039293715574e+00 
       5.316451176930e-02       7.440750338677e+00 
       5.723119236715e-02       7.064221073024e+00 
       6.086253476325e-02       6.778218075369e+00 
       6.424957644542e-02       6.527764874490e+00 
       6.749344715603e-02       6.285134548523e+00 
       7.065479183495e-02       6.035596700797e+00 
       7.377344927649e-02       5.772071654567e+00 
       7.687749830552e-02       5.492820144881e+00 
       7.998788894043e-02       5.200068938157e+00 
       8.312101603522e-02       4.899036112343e+00 
       8.629024436624e-02       4.596884501582e+00 
       8.950686006107e-02       4.301804065030e+00 
       9.278068955300e-02       4.021990540002e+00 
       9.612051638708e-02       3.764727755224e+00 
       9.953437002553e-02       3.535609771461e+00 
       1.030297307152e-01       3.337958260795e+00 
       1.066136776005e-01       3.172429764596e+00 
       1.102929974112e-01       3.036912325236e+00 
       1.140742651042e-01       2.926582376745e+00 
       1.179639041415e-01       2.834239763985e+00 
       1.219682317317e-01       2.750976151241e+00 
       1.260934928360e-01       2.667233765609e+00 
       1.303458857367e-01       2.574292411607e+00 
       1.347315812958e-01       2.465969012913e+00 
       1.392567375885e-01       2.340122076885e+00 
       1.439275113025e-01       2.199341522232e+00 
       1.487500670968e-01       2.050514337939e+00 
       1.537305859894e-01       1.903204378946e+00 
       1.588752737623e-01       1.767286071227e+00 
       1.641903703228e-01       1.650467570960e+00 
       1.696821609277e-01       1.556366766425e+00 
       1.753569901571e-01       1.483578694531e+00 
       1.812212795127e-01       1.425988207445e+00 
       1.872815495043e-01       1.374701045660e+00 
       1.935444470862e-01       1.319942793946e+00 
       2.000167793067e-01       1.254476184255e+00 
       2.067055540477e-01       1.177396065324e+00 
       2.136180287652e-01       1.093976163481e+00 
       2.207617681994e-01       1.012820465256e+00 
       2.281447121219e-01       9.417314463781e-01 
       2.357752543364e-01       8.845579778684e-01 
       2.436623343696e-01       8.398507901538e-01 
       2.518155435963e-01       8.015898720665e-01 
       2.602452479655e-01       7.623708880766e-01 
       2.689627300654e-01       7.177045953909e-01 
       2.779803540253e-01       6.684824002772e-01 
       2.873117577581e-01       6.199583111917e-01 
       2.969720783784e-01       5.776696298716e-01 
       3.069782183933e-01       5.431789926329e-01 
       3.173491626118e-01       5.135000285612e-01 
       3.281063588685e-01       4.840309403788e-01 
       3.392741799351e-01       4.523888403797e-01 
       3.508804898550e-01       4.202318129674e-01 
       3.629573460968e-01       3.908627876707e-01 
       3.755418804277e-01       3.656081528220e-01 
       3.886774179035e-01       3.425849790267e-01 
       4.024149174211e-01       3.194750599678e-01 
       4.168148529936e-01       2.962910388971e-01 
       4.319497090464e-01       2.746459935093e-01 
       4.479073469010e-01       2.550714039160e-01 
       4.647956327992e-01       2.365118010480e-01 
       4.827489350835e-01       2.181480684781e-01 
       5.019374634823e-01       2.006536232190e-01 
       5.225810589461e-01       1.843807741692e-01 
       5.449701910559e-01       1.685497812861e-01 
       5.694990879330e-01       1.532238766267e-01 
       5.967202222480e-01       1.385558492990e-01 
       6.274383917711e-01       1.241665600289e-01 
       6.628827694619e-01       1.100830385940e-01 
       7.050434828574e-01       9.605565928916e-02 
       7.573826324241e-01       8.190671374721e-02 
       8.264573875107e-01       6.732893833426e-02 
       9.257548230965e-01       5.204246119173e-02 
       1.082796239762e+00       3.629559528946e-02 
       1.332734404789e+00       2.233339657098e-02 
       1.675045845447e+00       1.296260049947e-02 
       2.108705412281e+00       7.426964456530e-03 
       2.654702635419e+00       4.220195900639e-03 
       3.342072608385e+00       2.380274806828e-03 
       4.207420134757e+00       1.333499622842e-03 
       5.296828125740e+00       7.424754068551e-04 
       6.668311529400e+00       4.111360535034e-04 
       8.394906838122e+00       2.264805016024e-04 
       1.056856154816e+01       1.241880811963e-04 
       1.330503069908e+01       6.780701670517e-05 
       1.675004125178e+01       3.688302812742e-05 
       2.108705258046e+01       1.998841758248e-05 
       2.654702635339e+01       1.079840239250e-05 
       3.342072608385e+01       5.815575844297e-06 
       4.207420134757e+01       3.123299165687e-06 
       5.296828125740e+01       1.672992846726e-06 
       6.668311529400e+01       8.937863176944e-07 
       8.394906838122e+01       4.763334917965e-07 
       1.056856154816e+02       2.531760860451e-07 
       1.330503069908e+02       1.341296580871e-07 
       1.675004125178e+02       7.082041760847e-08 
       2.108705258046e+02       3.720576759105e-08 
