# Matter power spectrum P(k) at redshift z=1.5
# for k=1.0653e-05 to 212.771 h/Mpc,
# number of wavenumbers equal to 135
#    1:k (h/Mpc)              2:P (Mpc/h)^3        
       1.065297608949e-05       1.457417521923e+01 
       1.341130231029e-05       1.413747798406e+01 
       1.688382928368e-05       1.745770747778e+01 
       2.125548173362e-05       2.259107999485e+01 
       2.675906609438e-05       2.766774805142e+01 
       3.368766830209e-05       3.559087214271e+01 
       4.241026168960e-05       4.423773295376e+01 
       5.339135616187e-05       5.538536856393e+01 
       6.721573504233e-05       6.931350122000e+01 
       8.461959691722e-05       8.650257173981e+01 
       1.065297608949e-04       1.078540058384e+02 
       1.341130231029e-04       1.345234296256e+02 
       1.688382928368e-04       1.677263284764e+02 
       2.125548173362e-04       2.091602879316e+02 
       2.675906609438e-04       2.607778965142e+02 
       3.368766830209e-04       3.250270669970e+02 
       4.241026168960e-04       4.049315871829e+02 
       5.339135616187e-04       5.041299646069e+02 
       6.721573504233e-04       6.269877104228e+02 
       8.461959691722e-04       7.786091609928e+02 
       1.065297608949e-03       9.648235226250e+02 
       1.341130231029e-03       1.192053351817e+03 
       1.688382928368e-03       1.466956583179e+03 
       2.125548173362e-03       1.795837407064e+03 
       2.675906609438e-03       2.183535433332e+03 
       3.368766830209e-03       2.631912695407e+03 
       4.241026168960e-03       3.137933734875e+03 
       5.339135616187e-03       3.690936137974e+03 
       6.721573504233e-03       4.269219636329e+03 
       8.461959691722e-03       4.836528436341e+03 
       1.065297608949e-02       5.338478112997e+03 
       1.341130231029e-02       5.700619444853e+03 
       1.688382928364e-02       5.833181638142e+03 
       2.125548150196e-02       5.649093066361e+03 
       2.675890332307e-02       5.110428984069e+03 
       3.366656121949e-02       4.303032698151e+03 
       4.174812847909e-02       3.508975854528e+03 
       4.845224332871e-02       3.061029135325e+03 
       5.333502158212e-02       2.837197579690e+03 
       5.737910415683e-02       2.695221318148e+03 
       6.099820005948e-02       2.586711246273e+03 
       6.437813162235e-02       2.491231671902e+03 
       6.761782965077e-02       2.398455123194e+03 
       7.077686273009e-02       2.302890719038e+03 
       7.389448284757e-02       2.201932208600e+03 
       7.699842267797e-02       2.094977616255e+03 
       8.010941563580e-02       1.982934573464e+03 
       8.324371480182e-02       1.867817856371e+03 
       8.641458889910e-02       1.752388861545e+03 
       8.963325723707e-02       1.639778098440e+03 
       9.290949883744e-02       1.533107965418e+03 
       9.625206312119e-02       1.435146541666e+03 
       9.966895476000e-02       1.348005417011e+03 
       1.031676359049e-01       1.272910652228e+03 
       1.067551724874e-01       1.210080786475e+03 
       1.104383416310e-01       1.158671127903e+03 
       1.142237113752e-01       1.116799534028e+03 
       1.181177002795e-01       1.081691443881e+03 
       1.221266221640e-01       1.049922509453e+03 
       1.262567197402e-01       1.017839241933e+03 
       1.305141898968e-01       9.821299744364e+02 
       1.349052027484e-01       9.404810855913e+02 
       1.394359161201e-01       8.921388668191e+02 
       1.441124868442e-01       8.381659029632e+02 
       1.489410800631e-01       7.812491069759e+02 
       1.539278775987e-01       7.250651640279e+02 
       1.590790863779e-01       6.733710756345e+02 
       1.644009478495e-01       6.290641430478e+02 
       1.698997492987e-01       5.934545451092e+02 
       1.755818379464e-01       5.659272660459e+02 
       1.814536387056e-01       5.440811500117e+02 
       1.875216764605e-01       5.245164152809e+02 
       1.937926037288e-01       5.034805244891e+02 
       2.002732345703e-01       4.782694130043e+02 
       2.069705856216e-01       4.486486654509e+02 
       2.138919251668e-01       4.167311806653e+02 
       2.210448312180e-01       3.858281921072e+02 
       2.284372596770e-01       3.588651844128e+02 
       2.360776238015e-01       3.372284826584e+02 
       2.439748864236e-01       3.202912354514e+02 
       2.521386666777e-01       3.057096767180e+02 
       2.605793634242e-01       2.906669381215e+02 
       2.693082981334e-01       2.735145270755e+02 
       2.783378807602e-01       2.546702293189e+02 
       2.876818031601e-01       2.361826420440e+02 
       2.973552659400e-01       2.201435065653e+02 
       3.073752464211e-01       2.070711452002e+02 
       3.177608177653e-01       1.957673379185e+02 
       3.285335325042e-01       1.844817667787e+02 
       3.397178880384e-01       1.723606098851e+02 
       3.513418976134e-01       1.600927444176e+02 
       3.634377985428e-01       1.489329688389e+02 
       3.760429411182e-01       1.393390303165e+02 
       3.892009183754e-01       1.305516216268e+02 
       4.029630213023e-01       1.217117391816e+02 
       4.173901403592e-01       1.128663424569e+02 
       4.325552892222e-01       1.046299218655e+02 
       4.485470120206e-01       9.717344435799e+01 
       4.654740710103e-01       9.008794357838e+01 
       4.834720332049e-01       8.307816048389e+01 
       5.027127475356e-01       7.641262391699e+01 
       5.234183539439e-01       7.020802725809e+01 
       5.458826421665e-01       6.416312218695e+01 
       5.705048023177e-01       5.831864843882e+01 
       5.978450290190e-01       5.272081977488e+01 
       6.287207309535e-01       4.722703948703e+01 
       6.643829030557e-01       4.184940985172e+01 
       7.068621400517e-01       3.648948302783e+01 
       7.597018663167e-01       3.107940003478e+01 
       8.296366180581e-01       2.550079615227e+01 
       9.305522312713e-01       1.964901039700e+01 
       1.090628146677e+00       1.363615935256e+01 
       1.344459231526e+00       8.357052525442e+00 
       1.690134455615e+00       4.846068696428e+00 
       2.127709730039e+00       2.775347496210e+00 
       2.678627697715e+00       1.576359470515e+00 
       3.372192477317e+00       8.887453995124e-01 
       4.245338803155e+00       4.977140881944e-01 
       5.344564900968e+00       2.770253281410e-01 
       6.728408568812e+00       1.533513359334e-01 
       8.470564528211e+00       8.445252368911e-02 
       1.066380893681e+01       4.629660528391e-02 
       1.342494005706e+01       2.527151999307e-02 
       1.690099818965e+01       1.374189040345e-02 
       2.127709610564e+01       7.444507616849e-03 
       2.678627697658e+01       4.019648093133e-03 
       3.372192477317e+01       2.163174357023e-03 
       4.245338803155e+01       1.160436287089e-03 
       5.344564900968e+01       6.205304405847e-04 
       6.728408568812e+01       3.306197877957e-04 
       8.470564528211e+01       1.754712441496e-04 
       1.066380893681e+02       9.266125209810e-05 
       1.342494005706e+02       4.859921424254e-05 
       1.690099818965e+02       2.526393096925e-05 
       2.127709610564e+02       1.296426912751e-05 
