# Matter power spectrum P(k) at redshift z=1
# for k=1.0653e-05 to 212.771 h/Mpc,
# number of wavenumbers equal to 135
#    1:k (h/Mpc)              2:P (Mpc/h)^3        
       1.065297608949e-05       2.090821943255e+01 
       1.341130231029e-05       2.119907329256e+01 
       1.688382928368e-05       2.621521962953e+01 
       2.125548173362e-05       3.369497887746e+01 
       2.675906609438e-05       4.140588104864e+01 
       3.368766830209e-05       5.296431433305e+01 
       4.241026168960e-05       6.587116923734e+01 
       5.339135616187e-05       8.241968946789e+01 
       6.721573504233e-05       1.030870517705e+02 
       8.461959691722e-05       1.286398502412e+02 
       1.065297608949e-04       1.604020175299e+02 
       1.341130231029e-04       2.000625093381e+02 
       1.688382928368e-04       2.494511830830e+02 
       2.125548173362e-04       3.110672421528e+02 
       2.675906609438e-04       3.878240382303e+02 
       3.368766830209e-04       4.833605322752e+02 
       4.241026168960e-04       6.021617929061e+02 
       5.339135616187e-04       7.496299432526e+02 
       6.721573504233e-04       9.322385345827e+02 
       8.461959691722e-04       1.157563024284e+03 
       1.065297608949e-03       1.434264406231e+03 
       1.341130231029e-03       1.771896841630e+03 
       1.688382928368e-03       2.180353588355e+03 
       2.125548173362e-03       2.668978325404e+03 
       2.675906609438e-03       3.244950264194e+03 
       3.368766830209e-03       3.911015029315e+03 
       4.241026168960e-03       4.662649751775e+03 
       5.339135616187e-03       5.483985307186e+03 
       6.721573504233e-03       6.342738007083e+03 
       8.461959691722e-03       7.185063364834e+03 
       1.065297608949e-02       7.930160479138e+03 
       1.341130231029e-02       8.467492091579e+03 
       1.688382928364e-02       8.663877363919e+03 
       2.125548150196e-02       8.389936707846e+03 
       2.675890332307e-02       7.589534336695e+03 
       3.366656121949e-02       6.390199284259e+03 
       4.174812847909e-02       5.210828327464e+03 
       4.845224332871e-02       4.545550856235e+03 
       5.333502158212e-02       4.213127812680e+03 
       5.737910415683e-02       4.002273757268e+03 
       6.099820005948e-02       3.841123425970e+03 
       6.437813162235e-02       3.699327419248e+03 
       6.761782965077e-02       3.561548493719e+03 
       7.077686273009e-02       3.419632325941e+03 
       7.389448284757e-02       3.269708352083e+03 
       7.699842267797e-02       3.110882377636e+03 
       8.010941563580e-02       2.944501882001e+03 
       8.324371480182e-02       2.773558342424e+03 
       8.641458889910e-02       2.602151948459e+03 
       8.963325723707e-02       2.434931034489e+03 
       9.290949883744e-02       2.276531933355e+03 
       9.625206312119e-02       2.131064884976e+03 
       9.966895476000e-02       2.001665319291e+03 
       1.031676359049e-01       1.890153755860e+03 
       1.067551724874e-01       1.796854651730e+03 
       1.104383416310e-01       1.720513707575e+03 
       1.142237113752e-01       1.658336148809e+03 
       1.181177002795e-01       1.606202065745e+03 
       1.221266221640e-01       1.559026663863e+03 
       1.262567197402e-01       1.511384854557e+03 
       1.305141898968e-01       1.458359097704e+03 
       1.349052027484e-01       1.396513861737e+03 
       1.394359161201e-01       1.324729958512e+03 
       1.441124868442e-01       1.244585213380e+03 
       1.489410800631e-01       1.160069375513e+03 
       1.539278775987e-01       1.076641865852e+03 
       1.590790863779e-01       9.998813673720e+02 
       1.644009478495e-01       9.340900206449e+02 
       1.698997492987e-01       8.812132649618e+02 
       1.755818379464e-01       8.403378239808e+02 
       1.814536387056e-01       8.078982220681e+02 
       1.875216764605e-01       7.788464341410e+02 
       1.937926037288e-01       7.476102393238e+02 
       2.002732345703e-01       7.101740948948e+02 
       2.069705856216e-01       6.661901064183e+02 
       2.138919251668e-01       6.187959748114e+02 
       2.210448312180e-01       5.729085351360e+02 
       2.284372596770e-01       5.328715276279e+02 
       2.360776238015e-01       5.007433085708e+02 
       2.439748864236e-01       4.755931768585e+02 
       2.521386666777e-01       4.539410360351e+02 
       2.605793634242e-01       4.316041812859e+02 
       2.693082981334e-01       4.061347704396e+02 
       2.783378807602e-01       3.781530840486e+02 
       2.876818031601e-01       3.507010469991e+02 
       2.973552659400e-01       3.268847559068e+02 
       3.073752464211e-01       3.074737919184e+02 
       3.177608177653e-01       2.906888669975e+02 
       3.285335325042e-01       2.739310193614e+02 
       3.397178880384e-01       2.559324456309e+02 
       3.513418976134e-01       2.377160922609e+02 
       3.634377985428e-01       2.211451385258e+02 
       3.760429411182e-01       2.068992593007e+02 
       3.892009183754e-01       1.938509175887e+02 
       4.029630213023e-01       1.807246771476e+02 
       4.173901403592e-01       1.675903324931e+02 
       4.325552892222e-01       1.553602375720e+02 
       4.485470120206e-01       1.442881951576e+02 
       4.654740710103e-01       1.337670655248e+02 
       4.834720332049e-01       1.233583846843e+02 
       5.027127475356e-01       1.134608408198e+02 
       5.234183539439e-01       1.042477624766e+02 
       5.458826421665e-01       9.527180151931e+01 
       5.705048023177e-01       8.659347171815e+01 
       5.978450290190e-01       7.828137833934e+01 
       6.287207309535e-01       7.012379499508e+01 
       6.643829030557e-01       6.213868895052e+01 
       7.068621400517e-01       5.417987846319e+01 
       7.597018663167e-01       4.614660696709e+01 
       8.296366180581e-01       3.786312445952e+01 
       9.305522312713e-01       2.917403817714e+01 
       1.090628146677e+00       2.024585729302e+01 
       1.344459231526e+00       1.240729135238e+01 
       1.690134455615e+00       7.194232124786e+00 
       2.127709730039e+00       4.119802555800e+00 
       2.678627697715e+00       2.339775957594e+00 
       3.372192477317e+00       1.319036051781e+00 
       4.245338803155e+00       7.386262821354e-01 
       5.344564900968e+00       4.110912864688e-01 
       6.728408568812e+00       2.275563506702e-01 
       8.470564528211e+00       1.253149694831e-01 
       1.066380893681e+01       6.869602211468e-02 
       1.342494005706e+01       3.749784383192e-02 
       1.690099818965e+01       2.038974761305e-02 
       2.127709610564e+01       1.104554669579e-02 
       2.678627697658e+01       5.963721082323e-03 
       3.372192477317e+01       3.209122091655e-03 
       4.245338803155e+01       1.721319162995e-03 
       5.344564900968e+01       9.202736612628e-04 
       6.728408568812e+01       4.901702809192e-04 
       8.470564528211e+01       2.600226075979e-04 
       1.066380893681e+02       1.372054218085e-04 
       1.342494005706e+02       7.187697867681e-05 
       1.690099818965e+02       3.729777959090e-05 
       2.127709610564e+02       1.908877889656e-05 
