# Matter power spectrum P(k) at redshift z=3
# for k=1.0653e-05 to 212.771 h/Mpc,
# number of wavenumbers equal to 135
#    1:k (h/Mpc)              2:P (Mpc/h)^3        
       1.065297608949e-05       6.577101892904e+00 
       1.341130231029e-05       5.500322981617e+00 
       1.688382928368e-05       6.900177537337e+00 
       2.125548173362e-05       9.156644647279e+00 
       2.675906609438e-05       1.122555251308e+01 
       3.368766830209e-05       1.438103568401e+01 
       4.241026168960e-05       1.798597270963e+01 
       5.339135616187e-05       2.257622042475e+01 
       6.721573504233e-05       2.831292775368e+01 
       8.461959691722e-05       3.539150013216e+01 
       1.065297608949e-04       4.411854968619e+01 
       1.341130231029e-04       5.502991633226e+01 
       1.688382928368e-04       6.860731181415e+01 
       2.125548173362e-04       8.555382970738e+01 
       2.675906609438e-04       1.066769852429e+02 
       3.368766830209e-04       1.329677888700e+02 
       4.241026168960e-04       1.656751787364e+02 
       5.339135616187e-04       2.062935600462e+02 
       6.721573504233e-04       2.566243140681e+02 
       8.461959691722e-04       3.187716360304e+02 
       1.065297608949e-03       3.951351520967e+02 
       1.341130231029e-03       4.883456297013e+02 
       1.688382928368e-03       6.011206771440e+02 
       2.125548173362e-03       7.360502371413e+02 
       2.675906609438e-03       8.951351213559e+02 
       3.368766830209e-03       1.079141985650e+03 
       4.241026168960e-03       1.286826458239e+03 
       5.339135616187e-03       1.513815360313e+03 
       6.721573504233e-03       1.751208292633e+03 
       8.461959691722e-03       1.984107717256e+03 
       1.065297608949e-02       2.190144268610e+03 
       1.341130231029e-02       2.338683998473e+03 
       1.688382928364e-02       2.392718623275e+03 
       2.125548150196e-02       2.316584654071e+03 
       2.675890332307e-02       2.094801024479e+03 
       3.366656121949e-02       1.762866548164e+03 
       4.174812847909e-02       1.436753013739e+03 
       4.845224332871e-02       1.252907387729e+03 
       5.333502158212e-02       1.161081419678e+03 
       5.737910415683e-02       1.102864133631e+03 
       6.099820005948e-02       1.058400189682e+03 
       6.437813162235e-02       1.019308341059e+03 
       6.761782965077e-02       9.813544409953e+02 
       7.077686273009e-02       9.422872637770e+02 
       7.389448284757e-02       9.010372161789e+02 
       7.699842267797e-02       8.573550346743e+02 
       8.010941563580e-02       8.116089019015e+02 
       8.324371480182e-02       7.646196469417e+02 
       8.641458889910e-02       7.175133230305e+02 
       8.963325723707e-02       6.715669965212e+02 
       9.290949883744e-02       6.280547211555e+02 
       9.625206312119e-02       5.881062051409e+02 
       9.966895476000e-02       5.525834364397e+02 
       1.031676359049e-01       5.219870869456e+02 
       1.067551724874e-01       4.964065383885e+02 
       1.104383416310e-01       4.754969036567e+02 
       1.142237113752e-01       4.584893066036e+02 
       1.181177002795e-01       4.442499264604e+02 
       1.221266221640e-01       4.313789864080e+02 
       1.262567197402e-01       4.183825581566e+02 
       1.305141898968e-01       4.039058685258e+02 
       1.349052027484e-01       3.870015694374e+02 
       1.394359161201e-01       3.673596379911e+02 
       1.441124868442e-01       3.454126605964e+02 
       1.489410800631e-01       3.222580168813e+02 
       1.539278775987e-01       2.993990879855e+02 
       1.590790863779e-01       2.783737266346e+02 
       1.644009478495e-01       2.603696037860e+02 
       1.698997492987e-01       2.459257509029e+02 
       1.755818379464e-01       2.347928412403e+02 
       1.814536387056e-01       2.259887471204e+02 
       1.875216764605e-01       2.181201366198e+02 
       1.937926037288e-01       2.096473831308e+02 
       2.002732345703e-01       1.994591300029e+02 
       2.069705856216e-01       1.874557871551e+02 
       2.138919251668e-01       1.745016384480e+02 
       2.210448312180e-01       1.619555945190e+02 
       2.284372596770e-01       1.510215500798e+02 
       2.360776238015e-01       1.422728933440e+02 
       2.439748864236e-01       1.354546564380e+02 
       2.521386666777e-01       1.296028766065e+02 
       2.605793634242e-01       1.235557020910e+02 
       2.693082981334e-01       1.166305239277e+02 
       2.783378807602e-01       1.089966879895e+02 
       2.876818031601e-01       1.014989979454e+02 
       2.973552659400e-01       9.500373591438e+01 
       3.073752464211e-01       8.972838743085e+01 
       3.177608177653e-01       8.517810867736e+01 
       3.285335325042e-01       8.062592876141e+01 
       3.397178880384e-01       7.571486465863e+01 
       3.513418976134e-01       7.072965586315e+01 
       3.634377985428e-01       6.619343781025e+01 
       3.760429411182e-01       6.229904788342e+01 
       3.892009183754e-01       5.873005543801e+01 
       4.029630213023e-01       5.512587189065e+01 
       4.173901403592e-01       5.150492274005e+01 
       4.325552892222e-01       4.812558442636e+01 
       4.485470120206e-01       4.506083255348e+01 
       4.654740710103e-01       4.213816776837e+01 
       4.834720332049e-01       3.923202113063e+01 
       5.027127475356e-01       3.645614093789e+01 
       5.234183539439e-01       3.386055344742e+01 
       5.458826421665e-01       3.131651325339e+01 
       5.705048023177e-01       2.884096699387e+01 
       5.978450290190e-01       2.645349024995e+01 
       6.287207309535e-01       2.409182723332e+01 
       6.643829030557e-01       2.175995038387e+01 
       7.068621400517e-01       1.941253828783e+01 
       7.597018663167e-01       1.701581500197e+01 
       8.296366180581e-01       1.451046774691e+01 
       9.305522312713e-01       1.183331332898e+01 
       1.090628146677e+00       9.003175438591e+00 
       1.344459231526e+00       6.396912491910e+00 
       1.690134455615e+00       4.519061926480e+00 
       2.127709730039e+00       3.268635453334e+00 
       2.678627697715e+00       2.408983191511e+00 
       3.372192477317e+00       1.789718428897e+00 
       4.245338803155e+00       1.324605946921e+00 
       5.344564900968e+00       9.667763194026e-01 
       6.728408568812e+00       6.910092242443e-01 
       8.470564528211e+00       4.818932951339e-01 
       1.066380893681e+01       3.275333163177e-01 
       1.342494005706e+01       2.170728132377e-01 
       1.690099818965e+01       1.404742539937e-01 
       2.127709610564e+01       8.892278899956e-02 
       2.678627697658e+01       5.518279574423e-02 
       3.372192477317e+01       3.365527276991e-02 
       4.245338803155e+01       2.022820562389e-02 
       5.344564900968e+01       1.201049337057e-02 
       6.728408568812e+01       7.057527535365e-03 
       8.470564528211e+01       4.110462970773e-03 
       1.066380893681e+02       2.375936731623e-03 
       1.342494005706e+02       1.364308914694e-03 
       1.690099818965e+02       7.785074524383e-04 
       2.127709610564e+02       4.417251813841e-04 
