# Matter power spectrum P(k) at redshift z=30
# for k=1.0653e-05 to 212.771 h/Mpc,
# number of wavenumbers equal to 135
#    1:k (h/Mpc)              2:P (Mpc/h)^3        
       1.065297608949e-05       1.945738886955e+01 
       1.341130231029e-05       1.037578727762e+01 
       1.688382928368e-05       5.661216088844e+00 
       2.125548173362e-05       3.329701824227e+00 
       2.675906609438e-05       2.113986207082e+00 
       3.368766830209e-05       1.463600152719e+00 
       4.241026168960e-05       1.116554386256e+00 
       5.339135616187e-05       9.611932669074e-01 
       6.721573504233e-05       8.998608350020e-01 
       8.461959691722e-05       9.045462895484e-01 
       1.065297608949e-04       9.715235408278e-01 
       1.341130231029e-04       1.098716132205e+00 
       1.688382928368e-04       1.281412700567e+00 
       2.125548173362e-04       1.532551186669e+00 
       2.675906609438e-04       1.860152384102e+00 
       3.368766830209e-04       2.279647777828e+00 
       4.241026168960e-04       2.810865654541e+00 
       5.339135616187e-04       3.478126362519e+00 
       6.721573504233e-04       4.312192014042e+00 
       8.461959691722e-04       5.349784203727e+00 
       1.065297608949e-03       6.633785428360e+00 
       1.341130231029e-03       8.212109705315e+00 
       1.688382928368e-03       1.013446670320e+01 
       2.125548173362e-03       1.244685348127e+01 
       2.675906609438e-03       1.518118433119e+01 
       3.368766830209e-03       1.834537373568e+01 
       4.241026168960e-03       2.191380171324e+01 
       5.339135616187e-03       2.581439634936e+01 
       6.721573504233e-03       2.989714861148e+01 
       8.461959691722e-03       3.390235094600e+01 
       1.065297608949e-02       3.744995140987e+01 
       1.341130231029e-02       4.001810814604e+01 
       1.688382928364e-02       4.097135501094e+01 
       2.125548150196e-02       3.968840156203e+01 
       2.675890332307e-02       3.591509240561e+01 
       3.366656121949e-02       3.024779183544e+01 
       4.174812847909e-02       2.466986023535e+01 
       4.845224332871e-02       2.152218084111e+01 
       5.333502158212e-02       1.994909196747e+01 
       5.737910415683e-02       1.895121047172e+01 
       6.099820005948e-02       1.818849884438e+01 
       6.437813162235e-02       1.751732234887e+01 
       6.761782965077e-02       1.686513853852e+01 
       7.077686273009e-02       1.619326424934e+01 
       7.389448284757e-02       1.548339793791e+01 
       7.699842267797e-02       1.473131670804e+01 
       8.010941563580e-02       1.394339434164e+01 
       8.324371480182e-02       1.313386935337e+01 
       8.641458889910e-02       1.232215079609e+01 
       8.963325723707e-02       1.153029895633e+01 
       9.290949883744e-02       1.078027177011e+01 
       9.625206312119e-02       1.009152078400e+01 
       9.966895476000e-02       9.478905220737e+00 
       1.031676359049e-01       8.951022641619e+00 
       1.067551724874e-01       8.509401917610e+00 
       1.104383416310e-01       8.148093979241e+00 
       1.142237113752e-01       7.853833096438e+00 
       1.181177002795e-01       7.607087501617e+00 
       1.221266221640e-01       7.383770812162e+00 
       1.262567197402e-01       7.158195011825e+00 
       1.305141898968e-01       6.907086711628e+00 
       1.349052027484e-01       6.614191872047e+00 
       1.394359161201e-01       6.274215047293e+00 
       1.441124868442e-01       5.894626647729e+00 
       1.489410800631e-01       5.494324309413e+00 
       1.539278775987e-01       5.099173509265e+00 
       1.590790863779e-01       4.735601996741e+00 
       1.644009478495e-01       4.423984962824e+00 
       1.698997492987e-01       4.173539498461e+00 
       1.755818379464e-01       3.979949271060e+00 
       1.814536387056e-01       3.826336464895e+00 
       1.875216764605e-01       3.688718629590e+00 
       1.937926037288e-01       3.540747871219e+00 
       2.002732345703e-01       3.363501322362e+00 
       2.069705856216e-01       3.155277431389e+00 
       2.138919251668e-01       2.930849008315e+00 
       2.210448312180e-01       2.713485099504e+00 
       2.284372596770e-01       2.523826114917e+00 
       2.360776238015e-01       2.371667731651e+00 
       2.439748864236e-01       2.252572297034e+00 
       2.521386666777e-01       2.150027165000e+00 
       2.605793634242e-01       2.044224926564e+00 
       2.693082981334e-01       1.923584504679e+00 
       2.783378807602e-01       1.791065300288e+00 
       2.876818031601e-01       1.661067465811e+00 
       2.973552659400e-01       1.548262721392e+00 
       3.073752464211e-01       1.456311966463e+00 
       3.177608177653e-01       1.376813351287e+00 
       3.285335325042e-01       1.297449636543e+00 
       3.397178880384e-01       1.212214137216e+00 
       3.513418976134e-01       1.125934936141e+00 
       3.634377985428e-01       1.047442953340e+00 
       3.760429411182e-01       9.799611968603e-01 
       3.892009183754e-01       9.181697533852e-01 
       4.029630213023e-01       8.560096924328e-01 
       4.173901403592e-01       7.937920766734e-01 
       4.325552892222e-01       7.358594736191e-01 
       4.485470120206e-01       6.834303376123e-01 
       4.654740710103e-01       6.335955454749e-01 
       4.834720332049e-01       5.842923576997e-01 
       5.027127475356e-01       5.374192847291e-01 
       5.234183539439e-01       4.937802166141e-01 
       5.458826421665e-01       4.512683630730e-01 
       5.705048023177e-01       4.101637221831e-01 
       5.978450290190e-01       3.707950050192e-01 
       6.287207309535e-01       3.321574748455e-01 
       6.643829030557e-01       2.943365006571e-01 
       7.068621400517e-01       2.566405503439e-01 
       7.597018663167e-01       2.185915120409e-01 
       8.296366180581e-01       1.793572169935e-01 
       9.305522312713e-01       1.382014318800e-01 
       1.090628146677e+00       9.591260389282e-02 
       1.344459231526e+00       5.878379070857e-02 
       1.690134455615e+00       3.408983318369e-02 
       2.127709730039e+00       1.952510398513e-02 
       2.678627697715e+00       1.109125452116e-02 
       3.372192477317e+00       6.253992833241e-03 
       4.245338803155e+00       3.502793771505e-03 
       5.344564900968e+00       1.949861108796e-03 
       6.728408568812e+00       1.079477128260e-03 
       8.470564528211e+00       5.945313713774e-04 
       1.066380893681e+01       3.259472695503e-04 
       1.342494005706e+01       1.779402131073e-04 
       1.690099818965e+01       9.677274357676e-05 
       2.127709610564e+01       5.243744501908e-05 
       2.678627697658e+01       2.832367015371e-05 
       3.372192477317e+01       1.525109788538e-05 
       4.245338803155e+01       8.188887131709e-06 
       5.344564900968e+01       4.385220385517e-06 
       6.728408568812e+01       2.341780662076e-06 
       8.470564528211e+01       1.247332975300e-06 
       1.066380893681e+02       6.624025496646e-07 
       1.342494005706e+02       3.504842093800e-07 
       1.690099818965e+02       1.846810441832e-07 
       2.127709610564e+02       9.673622994615e-08 
