# Matter power spectrum P(k) at redshift z=20
# for k=1.0653e-05 to 212.771 h/Mpc,
# number of wavenumbers equal to 135
#    1:k (h/Mpc)              2:P (Mpc/h)^3        
       1.065297608949e-05       8.273465016777e-02 
       1.341130231029e-05       1.391478049767e-01 
       1.688382928368e-05       1.842274364227e-01 
       2.125548173362e-05       2.756792207975e-01 
       2.675906609438e-05       3.774893260615e-01 
       3.368766830209e-05       4.981188523399e-01 
       4.241026168960e-05       6.371666238977e-01 
       5.339135616187e-05       8.225723670017e-01 
       6.721573504233e-05       1.036553165414e+00 
       8.461959691722e-05       1.289440774906e+00 
       1.065297608949e-04       1.605175763275e+00 
       1.341130231029e-04       2.003393125007e+00 
       1.688382928368e-04       2.494781801919e+00 
       2.125548173362e-04       3.111884664407e+00 
       2.675906609438e-04       3.880620532540e+00 
       3.368766830209e-04       4.838522905685e+00 
       4.241026168960e-04       6.031655498135e+00 
       5.339135616187e-04       7.515582197009e+00 
       6.721573504233e-04       9.358920564528e+00 
       8.461959691722e-04       1.164317109879e+01 
       1.065297608949e-03       1.446313131067e+01 
       1.341130231029e-03       1.792456428954e+01 
       1.688382928368e-03       2.213716326339e+01 
       2.125548173362e-03       2.720264140728e+01 
       2.675906609438e-03       3.319288060992e+01 
       3.368766830209e-03       4.012698959853e+01 
       4.241026168960e-03       4.794813289498e+01 
       5.339135616187e-03       5.649277012450e+01 
       6.721573504233e-03       6.543206648112e+01 
       8.461959691722e-03       7.420913821649e+01 
       1.065297608949e-02       8.198843254189e+01 
       1.341130231029e-02       8.762466306793e+01 
       1.688382928364e-02       8.972498366280e+01 
       2.125548150196e-02       8.693633132061e+01 
       2.675890332307e-02       7.867597786227e+01 
       3.366656121949e-02       6.626400075708e+01 
       4.174812847909e-02       5.404581879099e+01 
       4.845224332871e-02       4.715074429345e+01 
       5.333502158212e-02       4.370490102953e+01 
       5.737910415683e-02       4.151903740251e+01 
       6.099820005948e-02       3.984830889684e+01 
       6.437813162235e-02       3.837809382280e+01 
       6.761782965077e-02       3.694935260876e+01 
       7.077686273009e-02       3.547750577487e+01 
       7.389448284757e-02       3.392240467308e+01 
       7.699842267797e-02       3.227479315790e+01 
       8.010941563580e-02       3.054869360188e+01 
       8.324371480182e-02       2.877519889315e+01 
       8.641458889910e-02       2.699690250008e+01 
       8.963325723707e-02       2.526207027183e+01 
       9.290949883744e-02       2.361882281686e+01 
       9.625206312119e-02       2.210980519967e+01 
       9.966895476000e-02       2.076754122260e+01 
       1.031676359049e-01       1.961090920825e+01 
       1.067551724874e-01       1.864326106686e+01 
       1.104383416310e-01       1.785155924461e+01 
       1.142237113752e-01       1.720677326926e+01 
       1.181177002795e-01       1.666612308131e+01 
       1.221266221640e-01       1.617683284902e+01 
       1.262567197402e-01       1.568262005883e+01 
       1.305141898968e-01       1.513248449791e+01 
       1.349052027484e-01       1.449080038304e+01 
       1.394359161201e-01       1.374596137064e+01 
       1.441124868442e-01       1.291433939054e+01 
       1.489410800631e-01       1.203734095023e+01 
       1.539278775987e-01       1.117163139470e+01 
       1.590790863779e-01       1.037510910391e+01 
       1.644009478495e-01       9.692416933849e+00 
       1.698997492987e-01       9.143744958337e+00 
       1.755818379464e-01       8.719628860347e+00 
       1.814536387056e-01       8.383080859447e+00 
       1.875216764605e-01       8.081610799696e+00 
       1.937926037288e-01       7.757457192843e+00 
       2.002732345703e-01       7.369090111203e+00 
       2.069705856216e-01       6.912824122086e+00 
       2.138919251668e-01       6.421093147701e+00 
       2.210448312180e-01       5.944893790769e+00 
       2.284372596770e-01       5.529400406900e+00 
       2.360776238015e-01       5.196037795850e+00 
       2.439748864236e-01       4.935104934583e+00 
       2.521386666777e-01       4.710443898678e+00 
       2.605793634242e-01       4.478654746926e+00 
       2.693082981334e-01       4.214353717685e+00 
       2.783378807602e-01       3.924010766139e+00 
       2.876818031601e-01       3.639182587763e+00 
       2.973552659400e-01       3.392044482675e+00 
       3.073752464211e-01       3.190605107025e+00 
       3.177608177653e-01       3.016436283708e+00 
       3.285335325042e-01       2.842556531622e+00 
       3.397178880384e-01       2.655807127466e+00 
       3.513418976134e-01       2.466779733866e+00 
       3.634377985428e-01       2.294818420890e+00 
       3.760429411182e-01       2.146981716086e+00 
       3.892009183754e-01       2.011597929322e+00 
       4.029630213023e-01       1.875405336741e+00 
       4.173901403592e-01       1.739100644187e+00 
       4.325552892222e-01       1.612182591894e+00 
       4.485470120206e-01       1.497308319163e+00 
       4.654740710103e-01       1.388128974086e+00 
       4.834720332049e-01       1.280114756251e+00 
       5.027127475356e-01       1.177417714614e+00 
       5.234183539439e-01       1.081812041973e+00 
       5.458826421665e-01       9.886726607722e-01 
       5.705048023177e-01       8.986180884648e-01 
       5.978450290190e-01       8.123657754888e-01 
       6.287207309535e-01       7.277157628427e-01 
       6.643829030557e-01       6.448549699281e-01 
       7.068621400517e-01       5.622676217743e-01 
       7.597018663167e-01       4.789069133573e-01 
       8.296366180581e-01       3.929494153837e-01 
       9.305522312713e-01       3.027822120520e-01 
       1.090628146677e+00       2.101326397613e-01 
       1.344459231526e+00       1.287880046330e-01 
       1.690134455615e+00       7.468661274246e-02 
       2.127709730039e+00       4.277709490975e-02 
       2.678627697715e+00       2.429957194133e-02 
       3.372192477317e+00       1.370172864111e-02 
       4.245338803155e+00       7.674189104419e-03 
       5.344564900968e+00       4.271902824574e-03 
       6.728408568812e+00       2.364997877767e-03 
       8.470564528211e+00       1.302540395528e-03 
       1.066380893681e+01       7.141053857382e-04 
       1.342494005706e+01       3.898401361474e-04 
       1.690099818965e+01       2.120124557382e-04 
       2.127709610564e+01       1.148795790970e-04 
       2.678627697658e+01       6.204966512655e-05 
       3.372192477317e+01       3.340967817123e-05 
       4.245338803155e+01       1.793765985187e-05 
       5.344564900968e+01       9.604697236189e-06 
       6.728408568812e+01       5.128147838771e-06 
       8.470564528211e+01       2.730694816360e-06 
       1.066380893681e+02       1.449498500397e-06 
       1.342494005706e+02       7.664063636104e-07 
       1.690099818965e+02       4.034058388073e-07 
       2.127709610564e+02       2.109577450904e-07 
