# Matter power spectrum P(k) at redshift z=1.5
# for k=1.0653e-05 to 212.771 h/Mpc,
# number of wavenumbers equal to 135
#    1:k (h/Mpc)              2:P (Mpc/h)^3        
       1.065297608949e-05       1.457417943252e+01 
       1.341130231029e-05       1.413748399873e+01 
       1.688382928368e-05       1.745771650842e+01 
       2.125548173362e-05       2.259109368191e+01 
       2.675906609438e-05       2.766776855026e+01 
       3.368766830209e-05       3.559090313585e+01 
       4.241026168960e-05       4.423777944618e+01 
       5.339135616187e-05       5.538543833303e+01 
       6.721573504233e-05       6.931360575841e+01 
       8.461959691722e-05       8.650272798992e+01 
       1.065297608949e-04       1.078542387478e+02 
       1.341130231029e-04       1.345237756490e+02 
       1.688382928368e-04       1.677268401655e+02 
       2.125548173362e-04       2.091610399124e+02 
       2.675906609438e-04       2.607789921233e+02 
       3.368766830209e-04       3.250286440476e+02 
       4.241026168960e-04       4.049338181489e+02 
       5.339135616187e-04       5.041330403106e+02 
       6.721573504233e-04       6.269917833703e+02 
       8.461959691722e-04       7.786141984110e+02 
       1.065297608949e-03       9.648289683105e+02 
       1.341130231029e-03       1.192057398884e+03 
       1.688382928368e-03       1.466954681559e+03 
       2.125548173362e-03       1.795819312370e+03 
       2.675906609438e-03       2.183479575629e+03 
       3.368766830209e-03       2.631775818624e+03 
       4.241026168960e-03       3.137632604519e+03 
       5.339135616187e-03       3.690316949980e+03 
       6.721573504233e-03       4.268010701772e+03 
       8.461959691722e-03       4.834275714841e+03 
       1.065297608949e-02       5.334478230520e+03 
       1.341130231029e-02       5.693901898766e+03 
       1.688382928364e-02       5.822654517400e+03 
       2.125548150196e-02       5.634014120409e+03 
       2.675890332307e-02       5.091203979878e+03 
       3.366656121949e-02       4.281729740856e+03 
       4.174812847909e-02       3.488300717378e+03 
       4.845224332871e-02       3.041826639191e+03 
       5.333502158212e-02       2.819183145742e+03 
       5.737910415683e-02       2.678244213626e+03 
       6.099820005948e-02       2.570751443984e+03 
       6.437813162235e-02       2.476345741010e+03 
       6.761782965077e-02       2.384744885867e+03 
       7.077686273009e-02       2.290481690285e+03 
       7.389448284757e-02       2.190956323958e+03 
       7.699842267797e-02       2.085558472141e+03 
       8.010941563580e-02       1.975174902835e+03 
       8.324371480182e-02       1.861790014320e+03 
       8.641458889910e-02       1.748128818849e+03 
       8.963325723707e-02       1.637283578873e+03 
       9.290949883744e-02       1.532340865113e+03 
       9.625206312119e-02       1.436039181078e+03 
       9.966895476000e-02       1.350469795269e+03 
       1.031676359049e-01       1.276849429197e+03 
       1.067551724874e-01       1.215398402860e+03 
       1.104383416310e-01       1.165283989038e+03 
       1.142237113752e-01       1.124644321558e+03 
       1.181177002795e-01       1.090730647893e+03 
       1.221266221640e-01       1.060146708609e+03 
       1.262567197402e-01       1.029265178335e+03 
       1.305141898968e-01       9.947938240253e+02 
       1.349052027484e-01       9.544270503593e+02 
       1.394359161201e-01       9.074049128433e+02 
       1.441124868442e-01       8.547702896638e+02 
       1.489410800631e-01       7.991821592777e+02 
       1.539278775987e-01       7.442895814661e+02 
       1.590790863779e-01       6.938309236747e+02 
       1.644009478495e-01       6.506988662261e+02 
       1.698997492987e-01       6.162118971605e+02 
       1.755818379464e-01       5.897697513778e+02 
       1.814536387056e-01       5.689841471316e+02 
       1.875216764605e-01       5.504601051470e+02 
       1.937926037288e-01       5.304391078116e+02 
       2.002732345703e-01       5.062009675293e+02 
       2.069705856216e-01       4.774916341584e+02 
       2.138919251668e-01       4.464112686814e+02 
       2.210448312180e-01       4.162743001276e+02 
       2.284372596770e-01       3.900251908971e+02 
       2.360776238015e-01       3.690733678892e+02 
       2.439748864236e-01       3.528016261222e+02 
       2.521386666777e-01       3.388507642960e+02 
       2.605793634242e-01       3.243693840383e+02 
       2.693082981334e-01       3.076764751016e+02 
       2.783378807602e-01       2.891810832172e+02 
       2.876818031601e-01       2.709565314696e+02 
       2.973552659400e-01       2.551376140907e+02 
       3.073752464211e-01       2.422668841764e+02 
       3.177608177653e-01       2.311302310952e+02 
       3.285335325042e-01       2.199367936148e+02 
       3.397178880384e-01       2.078053899524e+02 
       3.513418976134e-01       1.954403937109e+02 
       3.634377985428e-01       1.841395916614e+02 
       3.760429411182e-01       1.743870561874e+02 
       3.892009183754e-01       1.654047093704e+02 
       4.029630213023e-01       1.563027366360e+02 
       4.173901403592e-01       1.471305759247e+02 
       4.325552892222e-01       1.385341625828e+02 
       4.485470120206e-01       1.307006806871e+02 
       4.654740710103e-01       1.232053508658e+02 
       4.834720332049e-01       1.157392924604e+02 
       5.027127475356e-01       1.085897164611e+02 
       5.234183539439e-01       1.018813442268e+02 
       5.458826421665e-01       9.531502967527e+01 
       5.705048023177e-01       8.888462083410e+01 
       5.978450290190e-01       8.267012040685e+01 
       6.287207309535e-01       7.651135192524e+01 
       6.643829030557e-01       7.040858147901e+01 
       7.068621400517e-01       6.423417413584e+01 
       7.597018663167e-01       5.787985611936e+01 
       8.296366180581e-01       5.115078475730e+01 
       9.305522312713e-01       4.380297336049e+01 
       1.090628146677e+00       3.572372431332e+01 
       1.344459231526e+00       2.771395582499e+01 
       1.690134455615e+00       2.120951333848e+01 
       2.127709730039e+00       1.616520424171e+01 
       2.678627697715e+00       1.213382734100e+01 
       3.372192477317e+00       8.886954178677e+00 
       4.245338803155e+00       6.320917539698e+00 
       5.344564900968e+00       4.362430166891e+00 
       6.728408568812e+00       2.926925230367e+00 
       8.470564528211e+00       1.915458571834e+00 
       1.066380893681e+01       1.227339818100e+00 
       1.342494005706e+01       7.724305608117e-01 
       1.690099818965e+01       4.785566061491e-01 
       2.127709610564e+01       2.924945335263e-01 
       2.678627697658e+01       1.767053038988e-01 
       3.372192477317e+01       1.056170330738e-01 
       4.245338803155e+01       6.253549251697e-02 
       5.344564900968e+01       3.670638891619e-02 
       6.728408568812e+01       2.137518406527e-02 
       8.470564528211e+01       1.235677537040e-02 
       1.066380893681e+02       7.095199877072e-03 
       1.342494005706e+02       4.048667652598e-03 
       1.690099818965e+02       2.297067740054e-03 
       2.127709610564e+02       1.296360220361e-03 
