# Matter power spectrum P(k) at redshift z=2
# for k=1.0653e-05 to 212.771 h/Mpc,
# number of wavenumbers equal to 135
#    1:k (h/Mpc)              2:P (Mpc/h)^3        
       1.065297608949e-05       1.137073890502e+01 
       1.341130231029e-05       1.041640114783e+01 
       1.688382928368e-05       1.261948827375e+01 
       2.125548173362e-05       1.629323970714e+01 
       2.675906609438e-05       1.978287009859e+01 
       3.368766830209e-05       2.548730100356e+01 
       4.241026168960e-05       3.158256589324e+01 
       5.339135616187e-05       3.951245430305e+01 
       6.721573504233e-05       4.942299808680e+01 
       8.461959691722e-05       6.165320838568e+01 
       1.065297608949e-04       7.683751907008e+01 
       1.341130231029e-04       9.581572566473e+01 
       1.688382928368e-04       1.194415809490e+02 
       2.125548173362e-04       1.489339017955e+02 
       2.675906609438e-04       1.856775602884e+02 
       3.368766830209e-04       2.314120519663e+02 
       4.241026168960e-04       2.882902784996e+02 
       5.339135616187e-04       3.588968971363e+02 
       6.721573504233e-04       4.463322631023e+02 
       8.461959691722e-04       5.542122583335e+02 
       1.065297608949e-03       6.866551795008e+02 
       1.341130231029e-03       8.481867555849e+02 
       1.688382928368e-03       1.043496362942e+03 
       2.125548173362e-03       1.277022374162e+03 
       2.675906609438e-03       1.552127213452e+03 
       3.368766830209e-03       1.870057324655e+03 
       4.241026168960e-03       2.228580452288e+03 
       5.339135616187e-03       2.619984503567e+03 
       6.721573504233e-03       3.028598516320e+03 
       8.461959691722e-03       3.428809281221e+03 
       1.065297608949e-02       3.781815093737e+03 
       1.341130231029e-02       4.034947957660e+03 
       1.688382928364e-02       4.125040493791e+03 
       2.125548150196e-02       3.990331712172e+03 
       2.675890332307e-02       3.605409277127e+03 
       3.366656121949e-02       3.031940331576e+03 
       4.174812847909e-02       2.469825182344e+03 
       4.845224332871e-02       2.153367042224e+03 
       5.333502158212e-02       1.995451367380e+03 
       5.737910415683e-02       1.895416682977e+03 
       6.099820005948e-02       1.819076811114e+03 
       6.437813162235e-02       1.752008442470e+03 
       6.761782965077e-02       1.686927045924e+03 
       7.077686273009e-02       1.619959525169e+03 
       7.389448284757e-02       1.549264586411e+03 
       7.699842267797e-02       1.474410572590e+03 
       8.010941563580e-02       1.396026227417e+03 
       8.324371480182e-02       1.315517635779e+03 
       8.641458889910e-02       1.234815373575e+03 
       8.963325723707e-02       1.156109868203e+03 
       9.290949883744e-02       1.081586958747e+03 
       9.625206312119e-02       1.013185359477e+03 
       9.966895476000e-02       9.523849382074e+02 
       1.031676359049e-01       9.000459269394e+02 
       1.067551724874e-01       8.563228506960e+02 
       1.104383416310e-01       8.206247180661e+02 
       1.142237113752e-01       7.916322832852e+02 
       1.181177002795e-01       7.673990657074e+02 
       1.221266221640e-01       7.455210350362e+02 
       1.262567197402e-01       7.234314962115e+02 
       1.305141898968e-01       6.988017913948e+02 
       1.349052027484e-01       6.700022591151e+02 
       1.394359161201e-01       6.364975210603e+02 
       1.441124868442e-01       5.990279727217e+02 
       1.489410800631e-01       5.594769461102e+02 
       1.539278775987e-01       5.204270585152e+02 
       1.590790863779e-01       4.845224346223e+02 
       1.644009478495e-01       4.538074218346e+02 
       1.698997492987e-01       4.292122977848e+02 
       1.755818379464e-01       4.103111279606e+02 
       1.814536387056e-01       3.954153971653e+02 
       1.875216764605e-01       3.821267401314e+02 
       1.937926037288e-01       3.677918479076e+02 
       2.002732345703e-01       3.504923801586e+02 
       2.069705856216e-01       3.300521592826e+02 
       2.138919251668e-01       3.079568014427e+02 
       2.210448312180e-01       2.865473141260e+02 
       2.284372596770e-01       2.679011831197e+02 
       2.360776238015e-01       2.530110372251e+02 
       2.439748864236e-01       2.414398521730e+02 
       2.521386666777e-01       2.315235178470e+02 
       2.605793634242e-01       2.212524756313e+02 
       2.693082981334e-01       2.094430593130e+02 
       2.783378807602e-01       1.963845123249e+02 
       2.876818031601e-01       1.835373542368e+02 
       2.973552659400e-01       1.724034194433e+02 
       3.073752464211e-01       1.633624239225e+02 
       3.177608177653e-01       1.555578853386e+02 
       3.285335325042e-01       1.477281148149e+02 
       3.397178880384e-01       1.392519392373e+02 
       3.513418976134e-01       1.306233734948e+02 
       3.634377985428e-01       1.227530754584e+02 
       3.760429411182e-01       1.159789665884e+02 
       3.892009183754e-01       1.097518778159e+02 
       4.029630213023e-01       1.034444642788e+02 
       4.173901403592e-01       9.708973390272e+01 
       4.325552892222e-01       9.114008190713e+01 
       4.485470120206e-01       8.572529716757e+01 
       4.654740710103e-01       8.054605198561e+01 
       4.834720332049e-01       7.538446062651e+01 
       5.027127475356e-01       7.044152153652e+01 
       5.234183539439e-01       6.580642456064e+01 
       5.458826421665e-01       6.125457657508e+01 
       5.705048023177e-01       5.681893566690e+01 
       5.978450290190e-01       5.253590537962e+01 
       6.287207309535e-01       4.828953348381e+01 
       6.643829030557e-01       4.409687975740e+01 
       7.068621400517e-01       3.985688166556e+01 
       7.597018663167e-01       3.551575302155e+01 
       8.296366180581e-01       3.095271479624e+01 
       9.305522312713e-01       2.602550327469e+01 
       1.090628146677e+00       2.071244561029e+01 
       1.344459231526e+00       1.562660696105e+01 
       1.690134455615e+00       1.171330757356e+01 
       2.127709730039e+00       8.857437278036e+00 
       2.678627697715e+00       6.682226755853e+00 
       3.372192477317e+00       4.969805483713e+00 
       4.245338803155e+00       3.612629909175e+00 
       5.344564900968e+00       2.555010513357e+00 
       6.728408568812e+00       1.756071993454e+00 
       8.470564528211e+00       1.174125741878e+00 
       1.066380893681e+01       7.654837601818e-01 
       1.342494005706e+01       4.881472089909e-01 
       1.690099818965e+01       3.055179152271e-01 
       2.127709610564e+01       1.882191435081e-01 
       2.678627697658e+01       1.143759135054e-01 
       3.372192477317e+01       6.868301248593e-02 
       4.245338803155e+01       4.082888115457e-02 
       5.344564900968e+01       2.405166326107e-02 
       6.728408568812e+01       1.405143490394e-02 
       8.470564528211e+01       8.148076074382e-03 
       1.066380893681e+02       4.692165808106e-03 
       1.342494005706e+02       2.684609115972e-03 
       1.690099818965e+02       1.526763757905e-03 
       2.127709610564e+02       8.634272200507e-04 
