# Matter power spectrum P(k) at redshift z=2
# for k=1.0653e-05 to 212.771 h/Mpc,
# number of wavenumbers equal to 135
#    1:k (h/Mpc)              2:P (Mpc/h)^3        
       1.065297608949e-05       1.137073586149e+01 
       1.341130231029e-05       1.041639692917e+01 
       1.688382928368e-05       1.261948201840e+01 
       2.125548173362e-05       1.629323028912e+01 
       2.675906609438e-05       1.978285613171e+01 
       3.368766830209e-05       2.548728000543e+01 
       4.241026168960e-05       3.158253463720e+01 
       5.339135616187e-05       3.951240771224e+01 
       6.721573504233e-05       4.942292871999e+01 
       8.461959691722e-05       6.165310533064e+01 
       1.065297608949e-04       7.683736630853e+01 
       1.341130231029e-04       9.581549981070e+01 
       1.688382928368e-04       1.194412482826e+02 
       2.125548173362e-04       1.489334142321e+02 
       2.675906609438e-04       1.856768506515e+02 
       3.368766830209e-04       2.314110290700e+02 
       4.241026168960e-04       2.882888241957e+02 
       5.339135616187e-04       3.588948705119e+02 
       6.721573504233e-04       4.463295233652e+02 
       8.461959691722e-04       5.542087309544e+02 
       1.065297608949e-03       6.866510155810e+02 
       1.341130231029e-03       8.481826829957e+02 
       1.688382928368e-03       1.043494417363e+03 
       2.125548173362e-03       1.277027357804e+03 
       2.675906609438e-03       1.552149494846e+03 
       3.368766830209e-03       1.870118013351e+03 
       4.241026168960e-03       2.228720571515e+03 
       5.339135616187e-03       2.620280389616e+03 
       6.721573504233e-03       3.029185755844e+03 
       8.461959691722e-03       3.429915823787e+03 
       1.065297608949e-02       3.783796599644e+03 
       1.341130231029e-02       4.038300939169e+03 
       1.688382928364e-02       4.130337161788e+03 
       2.125548150196e-02       3.997991947892e+03 
       2.675890332307e-02       3.615302758447e+03 
       3.366656121949e-02       3.043104362710e+03 
       4.174812847909e-02       2.480929995071e+03 
       4.845224332871e-02       2.163923484520e+03 
       5.333502158212e-02       2.005540374653e+03 
       5.737910415683e-02       1.905084581936e+03 
       6.099820005948e-02       1.828315390220e+03 
       6.437813162235e-02       1.760774894895e+03 
       6.761782965077e-02       1.695157338276e+03 
       7.077686273009e-02       1.627578491231e+03 
       7.389448284757e-02       1.556194554325e+03 
       7.699842267797e-02       1.480579050274e+03 
       8.010941563580e-02       1.401372602226e+03 
       8.324371480182e-02       1.319998364043e+03 
       8.641458889910e-02       1.238407324906e+03 
       8.963325723707e-02       1.158811429611e+03 
       9.290949883744e-02       1.083416787644e+03 
       9.625206312119e-02       1.014179007241e+03 
       9.966895476000e-02       9.525897791433e+02 
       1.031676359049e-01       8.995150754505e+02 
       1.067551724874e-01       8.551089320725e+02 
       1.104383416310e-01       8.187740824449e+02 
       1.142237113752e-01       7.891801901519e+02 
       1.181177002795e-01       7.643663691400e+02 
       1.221266221640e-01       7.419126672039e+02 
       1.262567197402e-01       7.192373222701e+02 
       1.305141898968e-01       6.940002064023e+02 
       1.349052027484e-01       6.645664842330e+02 
       1.394359161201e-01       6.304035960267e+02 
       1.441124868442e-01       5.922624112352e+02 
       1.489410800631e-01       5.520415527563e+02 
       1.539278775987e-01       5.123390236651e+02 
       1.590790863779e-01       4.758095401215e+02 
       1.644009478495e-01       4.445002778762e+02 
       1.698997492987e-01       4.193369114853e+02 
       1.755818379464e-01       3.998848237992e+02 
       1.814536387056e-01       3.844472804658e+02 
       1.875216764605e-01       3.706218234486e+02 
       1.937926037288e-01       3.557569696803e+02 
       2.002732345703e-01       3.379421998240e+02 
       2.069705856216e-01       3.170117917890e+02 
       2.138919251668e-01       2.944585808995e+02 
       2.210448312180e-01       2.726222187794e+02 
       2.284372596770e-01       2.535699218399e+02 
       2.360776238015e-01       2.382813049100e+02 
       2.439748864236e-01       2.263133645328e+02 
       2.521386666777e-01       2.160099508150e+02 
       2.605793634242e-01       2.053806968689e+02 
       2.693082981334e-01       1.932608203263e+02 
       2.783378807602e-01       1.799455623745e+02 
       2.876818031601e-01       1.668824182706e+02 
       2.973552659400e-01       1.555493073480e+02 
       3.073752464211e-01       1.463124789553e+02 
       3.177608177653e-01       1.383253297208e+02 
       3.285335325042e-01       1.303510944160e+02 
       3.397178880384e-01       1.217864770704e+02 
       3.513418976134e-01       1.131181963682e+02 
       3.634377985428e-01       1.052328769473e+02 
       3.760429411182e-01       9.845395680128e+01 
       3.892009183754e-01       9.224495573997e+01 
       4.029630213023e-01       8.599888693457e+01 
       4.173901403592e-01       7.974889678318e+01 
       4.325552892222e-01       7.392920822074e+01 
       4.485470120206e-01       6.866064833331e+01 
       4.654740710103e-01       6.365419175909e+01 
       4.834720332049e-01       5.870123810759e+01 
       5.027127475356e-01       5.399154037871e+01 
       5.234183539439e-01       4.960752296621e+01 
       5.458826421665e-01       4.533634910655e+01 
       5.705048023177e-01       4.120679345496e+01 
       5.978450290190e-01       3.725151599191e+01 
       6.287207309535e-01       3.336975694631e+01 
       6.643829030557e-01       2.957006810003e+01 
       7.068621400517e-01       2.578288955421e+01 
       7.597018663167e-01       2.196027199977e+01 
       8.296366180581e-01       1.801858149386e+01 
       9.305522312713e-01       1.388386482498e+01 
       1.090628146677e+00       9.635334850730e+00 
       1.344459231526e+00       5.905230772777e+00 
       1.690134455615e+00       3.424416690083e+00 
       2.127709730039e+00       1.961243193088e+00 
       2.678627697715e+00       1.114010184393e+00 
       3.372192477317e+00       6.281045005459e-01 
       4.245338803155e+00       3.517656492292e-01 
       5.344564900968e+00       1.957979919463e-01 
       6.728408568812e+00       1.083895222483e-01 
       8.470564528211e+00       5.969253573008e-02 
       1.066380893681e+01       3.272371765341e-02 
       1.342494005706e+01       1.786287185905e-02 
       1.690099818965e+01       9.713484089752e-03 
       2.127709610564e+01       5.262323348633e-03 
       2.678627697658e+01       2.841514535863e-03 
       3.372192477317e+01       1.529274342868e-03 
       4.245338803155e+01       8.204758422298e-04 
       5.344564900968e+01       4.388211341144e-04 
       6.728408568812e+01       2.338725737291e-04 
       8.470564528211e+01       1.241807526909e-04 
       1.066380893681e+02       6.562291609041e-05 
       1.342494005706e+02       3.445600549856e-05 
       1.690099818965e+02       1.794181566323e-05 
       2.127709610564e+02       9.229994868064e-06 
