# Matter power spectrum P(k) at redshift z=4
# for k=1.0653e-05 to 212.771 h/Mpc,
# number of wavenumbers equal to 135
#    1:k (h/Mpc)              2:P (Mpc/h)^3        
       1.065297608949e-05       3.627993894512e+00 
       1.341130231029e-05       4.261821799577e+00 
       1.688382928368e-05       4.740811955197e+00 
       2.125548173362e-05       5.890238135882e+00 
       2.675906609438e-05       7.435642990991e+00 
       3.368766830209e-05       9.324120158087e+00 
       4.241026168960e-05       1.166338875245e+01 
       5.339135616187e-05       1.464890963257e+01 
       6.721573504233e-05       1.831898670367e+01 
       8.461959691722e-05       2.283443650647e+01 
       1.065297608949e-04       2.846195204757e+01 
       1.341130231029e-04       3.550183912483e+01 
       1.688382928368e-04       4.425688518988e+01 
       2.125548173362e-04       5.518969417542e+01 
       2.675906609438e-04       6.881685422157e+01 
       3.368766830209e-04       8.578348629306e+01 
       4.241026168960e-04       1.068904329385e+02 
       5.339135616187e-04       1.331073267765e+02 
       6.721573504233e-04       1.656025241818e+02 
       8.461959691722e-04       2.057405354570e+02 
       1.065297608949e-03       2.550785021671e+02 
       1.341130231029e-03       3.153197236353e+02 
       1.688382928368e-03       3.882157286115e+02 
       2.125548173362e-03       4.754339963565e+02 
       2.675906609438e-03       5.782739963134e+02 
       3.368766830209e-03       6.972392691248e+02 
       4.241026168960e-03       8.315280296760e+02 
       5.339135616187e-03       9.783250997894e+02 
       6.721573504233e-03       1.131896612451e+03 
       8.461959691722e-03       1.282639697828e+03 
       1.065297608949e-02       1.416123760811e+03 
       1.341130231029e-02       1.512572868536e+03 
       1.688382928364e-02       1.548037094624e+03 
       2.125548150196e-02       1.499439891259e+03 
       2.675890332307e-02       1.356655971486e+03 
       3.366656121949e-02       1.142445460061e+03 
       4.174812847909e-02       9.316984111742e+02 
       4.845224332871e-02       8.127943289735e+02 
       5.333502158212e-02       7.533772156820e+02 
       5.737910415683e-02       7.156880375861e+02 
       6.099820005948e-02       6.868819494223e+02 
       6.437813162235e-02       6.615339685941e+02 
       6.761782965077e-02       6.369023319100e+02 
       7.077686273009e-02       6.115292390764e+02 
       7.389448284757e-02       5.847227695434e+02 
       7.699842267797e-02       5.563232205240e+02 
       8.010941563580e-02       5.265717828252e+02 
       8.324371480182e-02       4.960036688254e+02 
       8.641458889910e-02       4.653523494027e+02 
       8.963325723707e-02       4.354492799579e+02 
       9.290949883744e-02       4.071237124785e+02 
       9.625206312119e-02       3.811107656339e+02 
       9.966895476000e-02       3.579712040928e+02 
       1.031676359049e-01       3.380306247423e+02 
       1.067551724874e-01       3.213470541174e+02 
       1.104383416310e-01       3.076961433648e+02 
       1.142237113752e-01       2.965780106828e+02 
       1.181177002795e-01       2.872557765042e+02 
       1.221266221640e-01       2.788200326533e+02 
       1.262567197402e-01       2.703005694997e+02 
       1.305141898968e-01       2.608179856202e+02 
       1.349052027484e-01       2.497579163043e+02 
       1.394359161201e-01       2.369202202541e+02 
       1.441124868442e-01       2.225870870961e+02 
       1.489410800631e-01       2.074720913632e+02 
       1.539278775987e-01       1.925516789366e+02 
       1.590790863779e-01       1.788236152310e+02 
       1.644009478495e-01       1.670573361085e+02 
       1.698997492987e-01       1.576007926889e+02 
       1.755818379464e-01       1.502906862663e+02 
       1.814536387056e-01       1.444893692077e+02 
       1.875216764605e-01       1.392937232828e+02 
       1.937926037288e-01       1.337073262240e+02 
       2.002732345703e-01       1.270123740912e+02 
       2.069705856216e-01       1.191464466042e+02 
       2.138919251668e-01       1.106703875554e+02 
       2.210448312180e-01       1.024635089205e+02 
       2.284372596770e-01       9.530295835796e+01 
       2.360776238015e-01       8.955704986735e+01 
       2.439748864236e-01       8.505921216004e+01 
       2.521386666777e-01       8.118690689087e+01 
       2.605793634242e-01       7.719206383363e+01 
       2.693082981334e-01       7.263693118109e+01 
       2.783378807602e-01       6.763253807864e+01 
       2.876818031601e-01       6.272291491871e+01 
       2.973552659400e-01       5.846344261930e+01 
       3.073752464211e-01       5.499182355149e+01 
       3.177608177653e-01       5.198992281016e+01 
       3.285335325042e-01       4.899287726602e+01 
       3.397178880384e-01       4.577393020224e+01 
       3.513418976134e-01       4.251597723040e+01 
       3.634377985428e-01       3.955228154497e+01 
       3.760429411182e-01       3.700442063298e+01 
       3.892009183754e-01       3.467080708581e+01 
       4.029630213023e-01       3.232325307807e+01 
       4.173901403592e-01       2.997416872120e+01 
       4.325552892222e-01       2.778681727300e+01 
       4.485470120206e-01       2.580665564095e+01 
       4.654740710103e-01       2.392496371827e+01 
       4.834720332049e-01       2.206337390091e+01 
       5.027127475356e-01       2.029323447359e+01 
       5.234183539439e-01       1.864548142387e+01 
       5.458826421665e-01       1.704014903594e+01 
       5.705048023177e-01       1.548803596532e+01 
       5.978450290190e-01       1.400142808002e+01 
       6.287207309535e-01       1.254244877983e+01 
       6.643829030557e-01       1.111431353813e+01 
       7.068621400517e-01       9.690879667883e+00 
       7.597018663167e-01       8.254122847330e+00 
       8.296366180581e-01       6.772608894841e+00 
       9.305522312713e-01       5.218540555813e+00 
       1.090628146677e+00       3.621688447562e+00 
       1.344459231526e+00       2.219682606943e+00 
       1.690134455615e+00       1.287226748879e+00 
       2.127709730039e+00       7.372571656820e-01 
       2.678627697715e+00       4.187936575303e-01 
       3.372192477317e+00       2.361396573837e-01 
       4.245338803155e+00       1.322563767729e-01 
       5.344564900968e+00       7.361985362077e-02 
       6.728408568812e+00       4.075617421963e-02 
       8.470564528211e+00       2.244616366055e-02 
       1.066380893681e+01       1.230551784998e-02 
       1.342494005706e+01       6.717484279770e-03 
       1.690099818965e+01       3.653054052581e-03 
       2.127709610564e+01       1.979237744534e-03 
       2.678627697658e+01       1.068887744597e-03 
       3.372192477317e+01       5.753939448475e-04 
       4.245338803155e+01       3.088162922754e-04 
       5.344564900968e+01       1.652594177631e-04 
       6.728408568812e+01       8.815430323166e-05 
       8.470564528211e+01       4.687325956075e-05 
       1.066380893681e+02       2.482428539866e-05 
       1.342494005706e+02       1.307869849152e-05 
       1.690099818965e+02       6.846049138370e-06 
       2.127709610564e+02       3.549863100326e-06 
