# Matter power spectrum P(k) at redshift z=3
# for k=1.0653e-05 to 212.771 h/Mpc,
# number of wavenumbers equal to 135
#    1:k (h/Mpc)              2:P (Mpc/h)^3        
       1.065297608949e-05       7.407101481078e+00 
       1.341130231029e-05       6.032813846208e+00 
       1.688382928368e-05       7.316490976580e+00 
       2.125548173362e-05       9.494168249344e+00 
       2.675906609438e-05       1.148978648701e+01 
       3.368766830209e-05       1.459355219294e+01 
       4.241026168960e-05       1.815590206774e+01 
       5.339135616187e-05       2.271369246372e+01 
       6.721573504233e-05       2.842570028615e+01 
       8.461959691722e-05       3.548580791920e+01 
       1.065297608949e-04       4.419974214781e+01 
       1.341130231029e-04       5.510290010230e+01 
       1.688382928368e-04       6.867669089804e+01 
       2.125548173362e-04       8.562444354976e+01 
       2.675906609438e-04       1.067542848814e+02 
       3.368766830209e-04       1.330580409113e+02 
       4.241026168960e-04       1.657847033906e+02 
       5.339135616187e-04       2.064253616735e+02 
       6.721573504233e-04       2.567698559074e+02 
       8.461959691722e-04       3.188967195540e+02 
       1.065297608949e-03       3.951637837205e+02 
       1.341130231029e-03       4.881518072912e+02 
       1.688382928368e-03       6.005360272414e+02 
       2.125548173362e-03       7.348772623631e+02 
       2.675906609438e-03       8.931420526774e+02 
       3.368766830209e-03       1.076065476899e+03 
       4.241026168960e-03       1.282399592898e+03 
       5.339135616187e-03       1.507742417625e+03 
       6.721573504233e-03       1.743177082151e+03 
       8.461959691722e-03       1.973834969953e+03 
       1.065297608949e-02       2.177666649840e+03 
       1.341130231029e-02       2.324328398834e+03 
       1.688382928364e-02       2.377575536670e+03 
       2.125548150196e-02       2.301667701222e+03 
       2.675890332307e-02       2.081574270482e+03 
       3.366656121949e-02       1.752284741943e+03 
       4.174812847909e-02       1.428680272376e+03 
       4.845224332871e-02       1.246181885049e+03 
       5.333502158212e-02       1.154998626440e+03 
       5.737910415683e-02       1.097164060986e+03 
       6.099820005948e-02       1.052965187382e+03 
       6.437813162235e-02       1.014077799230e+03 
       6.761782965077e-02       9.762954135562e+02 
       7.077686273009e-02       9.373816677903e+02 
       7.389448284757e-02       8.962750542500e+02 
       7.699842267797e-02       8.527300041044e+02 
       8.010941563580e-02       8.071155682620e+02 
       8.324371480182e-02       7.602517553794e+02 
       8.641458889910e-02       7.132624870725e+02 
       8.963325723707e-02       6.674217963707e+02 
       9.290949883744e-02       6.240003438204e+02 
       9.625206312119e-02       5.841245891571e+02 
       9.966895476000e-02       5.486538139608e+02 
       1.031676359049e-01       5.180868665503e+02 
       1.067551724874e-01       4.925124794698e+02 
       1.104383416310e-01       4.715866708571e+02 
       1.142237113752e-01       4.545432026365e+02 
       1.181177002795e-01       4.402526578985e+02 
       1.221266221640e-01       4.273212186291e+02 
       1.262567197402e-01       4.142618868262e+02 
       1.305141898968e-01       3.997268457487e+02 
       1.349052027484e-01       3.827744988580e+02 
       1.394359161201e-01       3.630981097298e+02 
       1.441124868442e-01       3.411301647833e+02 
       1.489410800631e-01       3.179642565649e+02 
       1.539278775987e-01       2.950968074214e+02 
       1.590790863779e-01       2.740568936721e+02 
       1.644009478495e-01       2.560236676172e+02 
       1.698997492987e-01       2.415303495640e+02 
       1.755818379464e-01       2.303266186330e+02 
       1.814536387056e-01       2.214352001262e+02 
       1.875216764605e-01       2.134721921899e+02 
       1.937926037288e-01       2.049104361045e+02 
       2.002732345703e-01       1.946497088859e+02 
       2.069705856216e-01       1.825944425184e+02 
       2.138919251668e-01       1.696043203580e+02 
       2.210448312180e-01       1.570269306069e+02 
       2.284372596770e-01       1.460531059864e+02 
       2.360776238015e-01       1.372471884957e+02 
       2.439748864236e-01       1.303539577784e+02 
       2.521386666777e-01       1.244194271912e+02 
       2.605793634242e-01       1.182971691680e+02 
       2.693082981334e-01       1.113163032812e+02 
       2.783378807602e-01       1.036469339749e+02 
       2.876818031601e-01       9.612279292304e+01 
       2.973552659400e-01       8.959507800762e+01 
       3.073752464211e-01       8.427477956085e+01 
       3.177608177653e-01       7.967430729879e+01 
       3.285335325042e-01       7.508127776098e+01 
       3.397178880384e-01       7.014819106847e+01 
       3.513418976134e-01       6.515536315936e+01 
       3.634377985428e-01       6.061349979712e+01 
       3.760429411182e-01       5.670890717515e+01 
       3.892009183754e-01       5.313262289597e+01 
       4.029630213023e-01       4.953497902499e+01 
       4.173901403592e-01       4.593503342245e+01 
       4.325552892222e-01       4.258294091433e+01 
       4.485470120206e-01       3.954833000004e+01 
       4.654740710103e-01       3.666465752749e+01 
       4.834720332049e-01       3.381179629132e+01 
       5.027127475356e-01       3.109906529262e+01 
       5.234183539439e-01       2.857390738056e+01 
       5.458826421665e-01       2.611375272638e+01 
       5.705048023177e-01       2.373516493209e+01 
       5.978450290190e-01       2.145695647841e+01 
       6.287207309535e-01       1.922109226486e+01 
       6.643829030557e-01       1.703250440837e+01 
       7.068621400517e-01       1.485111401626e+01 
       7.597018663167e-01       1.264931338936e+01 
       8.296366180581e-01       1.037891931040e+01 
       9.305522312713e-01       7.997340923881e+00 
       1.090628146677e+00       5.550198392652e+00 
       1.344459231526e+00       3.401652991813e+00 
       1.690134455615e+00       1.972681775702e+00 
       2.127709730039e+00       1.129861438474e+00 
       2.678627697715e+00       6.418180691762e-01 
       3.372192477317e+00       3.618992095223e-01 
       4.245338803155e+00       2.026949739592e-01 
       5.344564900968e+00       1.128311476571e-01 
       6.728408568812e+00       6.246447749778e-02 
       8.470564528211e+00       3.440217501756e-02 
       1.066380893681e+01       1.886015734647e-02 
       1.342494005706e+01       1.029551377364e-02 
       1.690099818965e+01       5.598728551784e-03 
       2.127709610564e+01       3.033235180573e-03 
       2.678627697658e+01       1.638037826729e-03 
       3.372192477317e+01       8.816836809427e-04 
       4.245338803155e+01       4.731318161741e-04 
       5.344564900968e+01       2.531262645349e-04 
       6.728408568812e+01       1.349762363782e-04 
       8.470564528211e+01       7.172333104110e-05 
       1.066380893681e+02       3.794613812781e-05 
       1.342494005706e+02       1.996449638359e-05 
       1.690099818965e+02       1.042541322703e-05 
       2.127709610564e+02       5.388510983234e-06 
