# Matter power spectrum P(k) at redshift z=0.1
# for k=1.0653e-05 to 212.771 h/Mpc,
# number of wavenumbers equal to 135
#    1:k (h/Mpc)              2:P (Mpc/h)^3        
       1.065297608949e-05       4.734153274294e+01 
       1.341130231029e-05       5.179406999446e+01 
       1.688382928368e-05       6.423729602244e+01 
       2.125548173362e-05       8.165408737741e+01 
       2.675906609438e-05       1.009162485741e+02 
       3.368766830209e-05       1.279093463772e+02 
       4.241026168960e-05       1.592481767864e+02 
       5.339135616187e-05       1.990622744987e+02 
       6.721573504233e-05       2.487802129700e+02 
       8.461959691722e-05       3.104985256778e+02 
       1.065297608949e-04       3.874069316972e+02 
       1.341130231029e-04       4.835749125963e+02 
       1.688382928368e-04       6.036918366065e+02 
       2.125548173362e-04       7.539690353178e+02 
       2.675906609438e-04       9.418047984843e+02 
       3.368766830209e-04       1.176206766038e+03 
       4.241026168960e-04       1.467760768707e+03 
       5.339135616187e-04       1.828494932633e+03 
       6.721573504233e-04       2.272169146640e+03 
       8.461959691722e-04       2.815005777892e+03 
       1.065297608949e-03       3.476625317439e+03 
       1.341130231029e-03       4.280089084796e+03 
       1.688382928368e-03       5.250141419771e+03 
       2.125548173362e-03       6.410256344217e+03 
       2.675906609438e-03       7.778203856913e+03 
       3.368766830209e-03       9.360612145944e+03 
       4.241026168960e-03       1.114617425887e+04 
       5.339135616187e-03       1.309622101736e+04 
       6.721573504233e-03       1.513371516360e+04 
       8.461959691722e-03       1.712980836379e+04 
       1.065297608949e-02       1.889054654703e+04 
       1.341130231029e-02       2.015424973097e+04 
       1.688382928364e-02       2.060568969525e+04 
       2.125548150196e-02       1.993827990782e+04 
       2.675890332307e-02       1.802337042952e+04 
       3.366656121949e-02       1.516581660714e+04 
       4.174812847909e-02       1.236072240837e+04 
       4.845224332871e-02       1.077947601441e+04 
       5.333502158212e-02       9.989523859194e+03 
       5.737910415683e-02       9.488499715905e+03 
       6.099820005948e-02       9.105645265237e+03 
       6.437813162235e-02       8.768875634971e+03 
       6.761782965077e-02       8.441763272564e+03 
       7.077686273009e-02       8.104947463126e+03 
       7.389448284757e-02       7.749240293806e+03 
       7.699842267797e-02       7.372503287215e+03 
       8.010941563580e-02       6.977924406693e+03 
       8.324371480182e-02       6.572584778980e+03 
       8.641458889910e-02       6.166193780053e+03 
       8.963325723707e-02       5.769761813234e+03 
       9.290949883744e-02       5.394267240104e+03 
       9.625206312119e-02       5.049445675184e+03 
       9.966895476000e-02       4.742719640942e+03 
       1.031676359049e-01       4.478397685520e+03 
       1.067551724874e-01       4.257244357545e+03 
       1.104383416310e-01       4.076283604313e+03 
       1.142237113752e-01       3.928890994755e+03 
       1.181177002795e-01       3.805303354954e+03 
       1.221266221640e-01       3.693472538804e+03 
       1.262567197402e-01       3.580545108288e+03 
       1.305141898968e-01       3.454870611649e+03 
       1.349052027484e-01       3.308310016024e+03 
       1.394359161201e-01       3.138212573400e+03 
       1.441124868442e-01       2.948316241101e+03 
       1.489410800631e-01       2.748072407708e+03 
       1.539278775987e-01       2.550413361338e+03 
       1.590790863779e-01       2.368553312544e+03 
       1.644009478495e-01       2.212682224120e+03 
       1.698997492987e-01       2.087407285462e+03 
       1.755818379464e-01       1.990563865723e+03 
       1.814536387056e-01       1.913705256970e+03 
       1.875216764605e-01       1.844874428911e+03 
       1.937926037288e-01       1.770871595481e+03 
       2.002732345703e-01       1.682183855438e+03 
       2.069705856216e-01       1.577988014126e+03 
       2.138919251668e-01       1.465717441242e+03 
       2.210448312180e-01       1.357018518439e+03 
       2.284372596770e-01       1.262178827704e+03 
       2.360776238015e-01       1.186072880053e+03 
       2.439748864236e-01       1.126496254375e+03 
       2.521386666777e-01       1.075206135175e+03 
       2.605793634242e-01       1.022295215740e+03 
       2.693082981334e-01       9.619653733750e+02 
       2.783378807602e-01       8.956854831851e+02 
       2.876818031601e-01       8.306605802156e+02 
       2.973552659400e-01       7.742480884178e+02 
       3.073752464211e-01       7.282704822437e+02 
       3.177608177653e-01       6.885130068761e+02 
       3.285335325042e-01       6.488199338580e+02 
       3.397178880384e-01       6.061884052764e+02 
       3.513418976134e-01       5.630414923165e+02 
       3.634377985428e-01       5.237920687028e+02 
       3.760429411182e-01       4.900498750439e+02 
       3.892009183754e-01       4.591440813535e+02 
       4.029630213023e-01       4.280539028773e+02 
       4.173901403592e-01       3.969448954558e+02 
       4.325552892222e-01       3.679777045932e+02 
       4.485470120206e-01       3.417532356746e+02 
       4.654740710103e-01       3.168339036358e+02 
       4.834720332049e-01       2.921809716095e+02 
       5.027127475356e-01       2.687386074143e+02 
       5.234183539439e-01       2.469175655044e+02 
       5.458826421665e-01       2.256581173998e+02 
       5.705048023177e-01       2.051036919250e+02 
       5.978450290190e-01       1.854166673242e+02 
       6.287207309535e-01       1.660956316422e+02 
       6.643829030557e-01       1.471831827729e+02 
       7.068621400517e-01       1.283329464966e+02 
       7.597018663167e-01       1.093063918600e+02 
       8.296366180581e-01       8.968713912111e+01 
       9.305522312713e-01       6.910715601596e+01 
       1.090628146677e+00       4.796066562639e+01 
       1.344459231526e+00       2.939448819809e+01 
       1.690134455615e+00       1.704637817417e+01 
       2.127709730039e+00       9.763360713061e+00 
       2.678627697715e+00       5.546063215291e+00 
       3.372192477317e+00       3.127221449276e+00 
       4.245338803155e+00       1.751503754064e+00 
       5.344564900968e+00       9.749728017097e-01 
       6.728408568812e+00       5.397458982297e-01 
       8.470564528211e+00       2.972559647098e-01 
       1.066380893681e+01       1.629564861418e-01 
       1.342494005706e+01       8.894985515953e-02 
       1.690099818965e+01       4.836603175266e-02 
       2.127709610564e+01       2.619894742453e-02 
       2.678627697658e+01       1.414443441409e-02 
       3.372192477317e+01       7.610103257707e-03 
       4.245338803155e+01       4.081022421896e-03 
       5.344564900968e+01       2.181044787982e-03 
       6.728408568812e+01       1.161076397032e-03 
       8.470564528211e+01       6.153580043872e-04 
       1.066380893681e+02       3.242370422197e-04 
       1.342494005706e+02       1.695175996869e-04 
       1.690099818965e+02       8.767637951920e-05 
       2.127709610564e+02       4.467592071491e-05 
