# Matter power spectrum P(k) at redshift z=30
# for k=1.0653e-05 to 212.771 h/Mpc,
# number of wavenumbers equal to 135
#    1:k (h/Mpc)              2:P (Mpc/h)^3        
       1.065297608949e-05       1.945738830783e+01 
       1.341130231029e-05       1.037578745611e+01 
       1.688382928368e-05       5.661216093056e+00 
       2.125548173362e-05       3.329701827762e+00 
       2.675906609438e-05       2.113986199361e+00 
       3.368766830209e-05       1.463600106521e+00 
       4.241026168960e-05       1.116553304906e+00 
       5.339135616187e-05       9.611932172729e-01 
       6.721573504233e-05       8.998608328149e-01 
       8.461959691722e-05       9.045462918923e-01 
       1.065297608949e-04       9.715235552389e-01 
       1.341130231029e-04       1.098716181519e+00 
       1.688382928368e-04       1.281412752920e+00 
       2.125548173362e-04       1.532551284627e+00 
       2.675906609438e-04       1.860152575923e+00 
       3.368766830209e-04       2.279648150375e+00 
       4.241026168960e-04       2.810866320023e+00 
       5.339135616187e-04       3.478127744811e+00 
       6.721573504233e-04       4.312194594700e+00 
       8.461959691722e-04       5.349788877032e+00 
       1.065297608949e-03       6.633793780021e+00 
       1.341130231029e-03       8.212123665536e+00 
       1.688382928368e-03       1.013448836618e+01 
       2.125548173362e-03       1.244688402060e+01 
       2.675906609438e-03       1.518122256934e+01 
       3.368766830209e-03       1.834541543817e+01 
       4.241026168960e-03       2.191384045956e+01 
       5.339135616187e-03       2.581442568421e+01 
       6.721573504233e-03       2.989716412155e+01 
       8.461959691722e-03       3.390235125423e+01 
       1.065297608949e-02       3.744993769038e+01 
       1.341130231029e-02       4.001808315859e+01 
       1.688382928364e-02       4.097132246779e+01 
       2.125548150196e-02       3.968836570137e+01 
       2.675890332307e-02       3.591505747394e+01 
       3.366656121949e-02       3.024776110368e+01 
       4.174812847909e-02       2.466983453028e+01 
       4.845224332871e-02       2.152215814613e+01 
       5.333502158212e-02       1.994907080393e+01 
       5.737910415683e-02       1.895119028838e+01 
       6.099820005948e-02       1.818847941849e+01 
       6.437813162235e-02       1.751730359854e+01 
       6.761782965077e-02       1.686512045354e+01 
       7.077686273009e-02       1.619324685882e+01 
       7.389448284757e-02       1.548338128785e+01 
       7.699842267797e-02       1.473130084862e+01 
       8.010941563580e-02       1.394337931940e+01 
       8.324371480182e-02       1.313385518782e+01 
       8.641458889910e-02       1.232213749723e+01 
       8.963325723707e-02       1.153028650347e+01 
       9.290949883744e-02       1.078026011991e+01 
       9.625206312119e-02       1.009150987171e+01 
       9.966895476000e-02       9.478894964565e+00 
       1.031676359049e-01       8.951013032627e+00 
       1.067551724874e-01       8.509392699915e+00 
       1.104383416310e-01       8.148085149989e+00 
       1.142237113752e-01       7.853824580955e+00 
       1.181177002795e-01       7.607079249864e+00 
       1.221266221640e-01       7.383762799000e+00 
       1.262567197402e-01       7.158187241220e+00 
       1.305141898968e-01       6.907079209750e+00 
       1.349052027484e-01       6.614184687408e+00 
       1.394359161201e-01       6.274208229638e+00 
       1.441124868442e-01       5.894620242524e+00 
       1.489410800631e-01       5.494318340498e+00 
       1.539278775987e-01       5.099167965014e+00 
       1.590790863779e-01       4.735596849139e+00 
       1.644009478495e-01       4.423980152111e+00 
       1.698997492987e-01       4.173534959505e+00 
       1.755818379464e-01       3.979944941067e+00 
       1.814536387056e-01       3.826332297968e+00 
       1.875216764605e-01       3.688714622959e+00 
       1.937926037288e-01       3.540744017491e+00 
       2.002732345703e-01       3.363497661150e+00 
       2.069705856216e-01       3.155273993190e+00 
       2.138919251668e-01       2.930845819712e+00 
       2.210448312180e-01       2.713482146751e+00 
       2.284372596770e-01       2.523823367769e+00 
       2.360776238015e-01       2.371665149189e+00 
       2.439748864236e-01       2.252569843803e+00 
       2.521386666777e-01       2.150024824992e+00 
       2.605793634242e-01       2.044222702320e+00 
       2.693082981334e-01       1.923582411617e+00 
       2.783378807602e-01       1.791063365777e+00 
       2.876818031601e-01       1.661065657824e+00 
       2.973552659400e-01       1.548261036504e+00 
       3.073752464211e-01       1.456310371038e+00 
       3.177608177653e-01       1.376811852761e+00 
       3.285335325042e-01       1.297448224742e+00 
       3.397178880384e-01       1.212212817872e+00 
       3.513418976134e-01       1.125933711214e+00 
       3.634377985428e-01       1.047441795665e+00 
       3.760429411182e-01       9.799600611208e-01 
       3.892009183754e-01       9.181687428403e-01 
       4.029630213023e-01       8.560087612524e-01 
       4.173901403592e-01       7.937912085564e-01 
       4.325552892222e-01       7.358586697317e-01 
       4.485470120206e-01       6.834295827352e-01 
       4.654740710103e-01       6.335948562796e-01 
       4.834720332049e-01       5.842917220935e-01 
       5.027127475356e-01       5.374187021311e-01 
       5.234183539439e-01       4.937796804070e-01 
       5.458826421665e-01       4.512678739865e-01 
       5.705048023177e-01       4.101633201048e-01 
       5.978450290190e-01       3.707946006576e-01 
       6.287207309535e-01       3.321570862309e-01 
       6.643829030557e-01       2.943362349224e-01 
       7.068621400517e-01       2.566402807772e-01 
       7.597018663167e-01       2.185913249109e-01 
       8.296366180581e-01       1.793570258577e-01 
       9.305522312713e-01       1.382012824020e-01 
       1.090628146677e+00       9.591250283493e-02 
       1.344459231526e+00       5.878372572826e-02 
       1.690134455615e+00       3.408979324029e-02 
       2.127709730039e+00       1.952508359305e-02 
       2.678627697715e+00       1.109124516839e-02 
       3.372192477317e+00       6.253987172149e-03 
       4.245338803155e+00       3.502790409178e-03 
       5.344564900968e+00       1.949860197318e-03 
       6.728408568812e+00       1.079475619698e-03 
       8.470564528211e+00       5.945314060895e-04 
       1.066380893681e+01       3.259485320584e-04 
       1.342494005706e+01       1.779409597276e-04 
       1.690099818965e+01       9.677343060361e-05 
       2.127709610564e+01       5.243675555570e-05 
       2.678627697658e+01       2.832396871749e-05 
       3.372192477317e+01       1.525120042029e-05 
       4.245338803155e+01       8.188982064673e-06 
       5.344564900968e+01       4.385233047339e-06 
       6.728408568812e+01       2.341851882197e-06 
       8.470564528211e+01       1.247336774206e-06 
       1.066380893681e+02       6.623645738999e-07 
       1.342494005706e+02       3.505078872366e-07 
       1.690099818965e+02       1.846787236119e-07 
       2.127709610564e+02       9.676410698482e-08 
