# Matter power spectrum P(k) at redshift z=30
# for k=1.0653e-05 to 212.771 h/Mpc,
# number of wavenumbers equal to 135
#    1:k (h/Mpc)              2:P (Mpc/h)^3        
       1.065297608949e-05       2.169742491717e-02 
       1.341130231029e-05       4.669901846067e-02 
       1.688382928368e-05       6.832095820635e-02 
       2.125548173362e-05       1.100438656392e-01 
       2.675906609438e-05       1.609990870149e-01 
       3.368766830209e-05       2.183830239522e-01 
       4.241026168960e-05       2.838270144036e-01 
       5.339135616187e-05       3.725721419064e-01 
       6.721573504233e-05       4.719324613472e-01 
       8.461959691722e-05       5.863544481647e-01 
       1.065297608949e-04       7.292763508352e-01 
       1.341130231029e-04       9.104919306754e-01 
       1.688382928368e-04       1.132993939489e+00 
       2.125548173362e-04       1.413391581372e+00 
       2.675906609438e-04       1.762613070453e+00 
       3.368766830209e-04       2.197843747669e+00 
       4.241026168960e-04       2.740156334081e+00 
       5.339135616187e-04       3.414829261544e+00 
       6.721573504233e-04       4.253459576717e+00 
       8.461959691722e-04       5.293707417669e+00 
       1.065297608949e-03       6.579778595505e+00 
       1.341130231029e-03       8.161698124375e+00 
       1.688382928368e-03       1.009253988510e+01 
       2.125548173362e-03       1.242309366750e+01 
       2.675906609438e-03       1.519044198869e+01 
       3.368766830209e-03       1.840442212833e+01 
       4.241026168960e-03       2.203307814844e+01 
       5.339135616187e-03       2.599230321098e+01 
       6.721573504233e-03       3.013039827029e+01 
       8.461959691722e-03       3.419316575381e+01 
       1.065297608949e-02       3.779347795953e+01 
       1.341130231029e-02       4.040356154603e+01 
       1.688382928364e-02       4.138039859063e+01 
       2.125548150196e-02       4.010103597774e+01 
       2.675890332307e-02       3.629477230074e+01 
       3.366656121949e-02       3.057104541772e+01 
       4.174812847909e-02       2.493519068852e+01 
       4.845224332871e-02       2.175433331520e+01 
       5.333502158212e-02       2.016458363548e+01 
       5.737910415683e-02       1.915609430455e+01 
       6.099820005948e-02       1.838526440193e+01 
       6.437813162235e-02       1.770694857400e+01 
       6.761782965077e-02       1.704776800433e+01 
       7.077686273009e-02       1.636869300404e+01 
       7.389448284757e-02       1.565119402518e+01 
       7.699842267797e-02       1.489099972426e+01 
       8.010941563580e-02       1.409458454397e+01 
       8.324371480182e-02       1.327630284789e+01 
       8.641458889910e-02       1.245581526533e+01 
       8.963325723707e-02       1.165539620145e+01 
       9.290949883744e-02       1.089724900716e+01 
       9.625206312119e-02       1.020104715731e+01 
       9.966895476000e-02       9.581793215006e+00 
       1.031676359049e-01       9.048194274942e+00 
       1.067551724874e-01       8.601793078192e+00 
       1.104383416310e-01       8.236569456183e+00 
       1.142237113752e-01       7.939122359888e+00 
       1.181177002795e-01       7.689707289667e+00 
       1.221266221640e-01       7.463971821700e+00 
       1.262567197402e-01       7.235951354600e+00 
       1.305141898968e-01       6.982121903457e+00 
       1.349052027484e-01       6.686051531550e+00 
       1.394359161201e-01       6.342385868363e+00 
       1.441124868442e-01       5.958676845359e+00 
       1.489410800631e-01       5.554028336370e+00 
       1.539278775987e-01       5.154586667000e+00 
       1.590790863779e-01       4.787066625873e+00 
       1.644009478495e-01       4.472065682843e+00 
       1.698997492987e-01       4.218900446857e+00 
       1.755818379464e-01       4.023208353711e+00 
       1.814536387056e-01       3.867927699549e+00 
       1.875216764605e-01       3.728815689225e+00 
       1.937926037288e-01       3.579237438233e+00 
       2.002732345703e-01       3.400065107616e+00 
       2.069705856216e-01       3.189579078077e+00 
       2.138919251668e-01       2.962711971450e+00 
       2.210448312180e-01       2.742985370468e+00 
       2.284372596770e-01       2.551265429409e+00 
       2.360776238015e-01       2.397453293392e+00 
       2.439748864236e-01       2.277063635345e+00 
       2.521386666777e-01       2.173404012591e+00 
       2.605793634242e-01       2.066452006035e+00 
       2.693082981334e-01       1.944500019650e+00 
       2.783378807602e-01       1.810540332723e+00 
       2.876818031601e-01       1.679129377149e+00 
       2.973552659400e-01       1.565098263130e+00 
       3.073752464211e-01       1.472147838062e+00 
       3.177608177653e-01       1.391784970781e+00 
       3.285335325042e-01       1.311558435750e+00 
       3.397178880384e-01       1.225396240462e+00 
       3.513418976134e-01       1.138178939047e+00 
       3.634377985428e-01       1.058833457533e+00 
       3.760429411182e-01       9.906179068958e-01 
       3.892009183754e-01       9.281546843083e-01 
       4.029630213023e-01       8.653187050474e-01 
       4.173901403592e-01       8.024245430084e-01 
       4.325552892222e-01       7.438620026289e-01 
       4.485470120206e-01       6.908627355292e-01 
       4.654740710103e-01       6.404860365251e-01 
       4.834720332049e-01       5.906467346845e-01 
       5.027127475356e-01       5.432639197201e-01 
       5.234183539439e-01       4.991502934363e-01 
       5.458826421665e-01       4.561761474439e-01 
       5.705048023177e-01       4.146245259013e-01 
       5.978450290190e-01       3.748276311790e-01 
       6.287207309535e-01       3.357698895713e-01 
       6.643829030557e-01       2.975376922436e-01 
       7.068621400517e-01       2.594317390448e-01 
       7.597018663167e-01       2.209689391555e-01 
       8.296366180581e-01       1.813078970984e-01 
       9.305522312713e-01       1.397045112494e-01 
       1.090628146677e+00       9.695575850232e-02 
       1.344459231526e+00       5.942312944932e-02 
       1.690134455615e+00       3.446059713003e-02 
       2.127709730039e+00       1.973746382655e-02 
       2.678627697715e+00       1.121188818849e-02 
       3.372192477317e+00       6.322013863357e-03 
       4.245338803155e+00       3.540891445047e-03 
       5.344564900968e+00       1.971069492622e-03 
       6.728408568812e+00       1.091217446624e-03 
       8.470564528211e+00       6.009983299106e-04 
       1.066380893681e+01       3.294939875011e-04 
       1.342494005706e+01       1.798764854793e-04 
       1.690099818965e+01       9.782606893354e-05 
       2.127709610564e+01       5.300712843692e-05 
       2.678627697658e+01       2.863205840184e-05 
       3.372192477317e+01       1.541709304877e-05 
       4.245338803155e+01       8.278056481121e-06 
       5.344564900968e+01       4.432932757643e-06 
       6.728408568812e+01       2.367325022610e-06 
       8.470564528211e+01       1.260904491716e-06 
       1.066380893681e+02       6.695693445997e-07 
       1.342494005706e+02       3.543204838960e-07 
       1.690099818965e+02       1.866875385618e-07 
       2.127709610564e+02       9.781664395873e-08 
